1,Абрамов,Самсон,Валерьянович,Female,36,Analytics,Аналитик данных,Стажер,2024-06-14,89178.63,Магистратура,Уволен
2,Абрамов,Анжела,Тихонович,Female,54,IT,Продуктовый аналитик,Стажер,2015-12-20,101972.96,Магистратура,Активен
3,Абрамов,Харлампий,Елисеевич,Female,38,IT,Разработчик систем,Стажер,2019-09-30,88074.95,Среднее специальное,Уволен
4,Абрамов,Ерофей,Валентинович,Male,34,Analytics,Разработчик баз данных,Junior,2024-03-08,120694.35,Среднее специальное,Активен
5,Авдеев,Трофим,Антонович,Female,58,Product,Проект менеджер,Junior,2018-10-14,121063.82,Магистратура,Уволен
6,Авдеев,Максим,Фролович,Male,33,Product,Тестировщик,Middle,2015-10-08,179356.03,Высшее,Уволен
7,Авдеев,Ким,Яковлевич,Female,32,Data,Разработчик баз данных,Lead,2016-07-09,583751.53,Высшее,Уволен
8,Авдеева,Святослав,Витальевич,Female,46,IT,Бизнес аналитик,Стажер,2016-10-13,82168.11,Высшее,Уволен
9,Агафонов,Феврония,Артёмович,Female,51,Analytics,Системный инженер,Senior,2024-09-14,271036.93,Высшее,Уволен
10,Агафонов,Сократ,Елисеевич,Male,52,Data,Аналитик данных,Middle,2020-09-05,184740.57,Высшее,Активен
11,Агафонова,Ермил,Альбертовна,Male,25,Data,Системный инженер,Junior,2022-07-25,122884.83,Среднее специальное,Активен
12,Агафонова,Наина,Павловна,Female,60,Analytics,Разработчик баз данных,Стажер,2015-10-28,119344.63,Среднее специальное,Уволен
13,Агафонова,Андроник,Степановна,Female,35,Data,Разработчик баз данных,Middle,2015-07-31,275115.96,Высшее,Активен
14,Агафонова,Милан,Валерианович,Female,43,Data,Тестировщик,Стажер,2015-10-05,101762.37,Высшее,Уволен
15,Агафонова,Нифонт,Фёдорович,Male,38,Product,Разработчик систем,Lead,2015-04-08,450209.58,Магистратура,Уволен
16,Агафонова,Фаина,Рубеновна,Female,33,IT,Продукт менеджер,Стажер,2015-02-18,101714.16,Магистратура,Активен
17,Аксенов,Гостомысл,Елисеевич,Male,28,IT,Бизнес аналитик,Middle,2017-12-09,192644.31,Среднее специальное,Активен
18,Аксенова,Севастьян,Феофанович,Male,54,Product,Проект менеджер,Middle,2015-07-22,277646.76,Магистратура,Активен
19,Аксенова,Боян,Анатольевна,Male,58,Product,Системный аналитик,Junior,2020-10-27,104055.8,Среднее специальное,Активен
20,Аксенова,Жанна,Ермилович,Female,43,Data,Бизнес аналитик,Middle,2017-11-12,247646.74,Высшее,Активен
21,Александров,Алевтина,Вячеславович,Female,51,Analytics,Продуктовый аналитик,Junior,2022-04-06,140445.58,Высшее,Уволен
22,Александрова,Екатерина,Андреевна,Male,58,Product,Продуктовый аналитик,Lead,2024-02-12,652892.84,Магистратура,Уволен
23,Александрова,Ананий,Тихонович,Male,31,IT,Продукт менеджер,Senior,2023-11-23,358632.38,Высшее,Активен
24,Алексеев,Лука,Всеволодович,Female,35,Product,Бизнес аналитик,Junior,2018-08-28,101177.4,Среднее специальное,Уволен
25,Алексеев,Лаврентий,Данилович,Female,33,Analytics,Системный инженер,Senior,2020-09-21,296801.23,Высшее,Активен
26,Алексеев,Гаврила,Ниловна,Female,48,Product,Продуктовый аналитик,Junior,2024-10-05,141128.62,Среднее специальное,Уволен
27,Алексеева,Карл,Гордеевич,Male,45,Analytics,Системный аналитик,Middle,2015-11-13,203323.22,Высшее,Активен
28,Алексеева,Спартак,Фёдорович,Male,40,IT,Системный инженер,Middle,2017-05-29,218770.15,Магистратура,Активен
29,Алексеева,Мариан,Жоресович,Female,22,Data,Аналитик данных,Lead,2015-12-01,737541.19,Среднее специальное,Активен
30,Андреев,Варвара,Максимовна,Female,27,Data,Системный аналитик,Junior,2023-09-15,110461.51,Магистратура,Активен
31,Андреев,Андрей,Аркадьевна,Male,42,Analytics,Бизнес аналитик,Lead,2023-03-11,507248.78,Высшее,Уволен
32,Андреев,Ювеналий,Борисович,Female,39,IT,Разработчик систем,Senior,2019-11-02,384588.88,Среднее специальное,Активен
33,Андреева,Кир,Борисович,Male,51,Product,Аналитик данных,Стажер,2018-11-21,97872.72,Среднее специальное,Уволен
34,Андреева,Галина,Харитонович,Female,22,Product,Аналитик данных,Middle,2024-05-19,226961.27,Высшее,Активен
35,Анисимов,Еремей,Дорофеевич,Male,40,IT,Системный аналитик,Middle,2023-03-12,234967.22,Высшее,Уволен
36,Анисимов,Конон,Фомич,Female,29,Data,Продуктовый аналитик,Senior,2017-08-18,397639.56,Среднее специальное,Уволен
37,Анисимова,Антонина,Артёмович,Male,24,Data,Проект менеджер,Senior,2019-09-10,361533.33,Магистратура,Активен
38,Антонов,Леонид,Федосьевич,Female,53,IT,Проект менеджер,Middle,2024-08-13,204794.43,Высшее,Уволен
39,Антонов,Анжелика,Данилович,Male,29,Analytics,Продукт менеджер,Middle,2016-09-21,211444.72,Среднее специальное,Активен
40,Антонова,Валентина,Игоревна,Male,52,Analytics,Разработчик баз данных,Middle,2024-08-11,292886.23,Магистратура,Уволен
41,Артемьев,Иларион,Давидович,Female,44,Analytics,Продуктовый аналитик,Senior,2021-05-21,283961.08,Магистратура,Уволен
42,Артемьев,Рубен,Августович,Female,53,Product,Разработчик систем,Junior,2020-03-10,126217.22,Магистратура,Уволен
43,Артемьев,Раиса,Артёмович,Female,39,Data,Системный инженер,Middle,2020-08-25,265049.27,Магистратура,Уволен
44,Артемьева,Азарий,Валентиновна,Female,22,Product,Системный инженер,Junior,2019-12-25,149751.56,Высшее,Активен
45,Артемьева,Лукия,Елизарович,Male,35,IT,Системный аналитик,Junior,2019-10-03,133931.56,Среднее специальное,Уволен
46,Артемьева,Леон,Гаврилович,Female,57,Analytics,Аналитик данных,Lead,2015-03-24,682274.51,Высшее,Уволен
47,Артемьева,Панкратий,Исидорович,Male,36,IT,Разработчик баз данных,Middle,2019-12-03,213387.27,Магистратура,Уволен
48,Архипова,Агап,Натановна,Male,53,IT,Продукт менеджер,Senior,2021-12-22,316059.65,Высшее,Уволен
49,Афанасьев,Прохор,Григорьевна,Male,31,Analytics,Продуктовый аналитик,Junior,2021-06-17,129539.93,Высшее,Активен
50,Афанасьев,Регина,Леонидовна,Male,24,Analytics,Продуктовый аналитик,Middle,2024-05-03,259564.17,Среднее специальное,Уволен
51,Афанасьев,Рюрик,Юльевич,Female,35,Analytics,Продуктовый аналитик,Senior,2023-01-25,344313.77,Магистратура,Уволен
52,Афанасьев,Леонтий,Евгеньевна,Female,53,IT,Продуктовый аналитик,Senior,2022-05-29,257132.33,Высшее,Активен
53,Афанасьева,Аким,Адрианович,Female,33,IT,Продуктовый аналитик,Стажер,2023-03-10,117496.93,Высшее,Активен
54,Афанасьева,Ростислав,Викторовна,Male,22,Analytics,Разработчик систем,Lead,2022-10-21,596241.59,Среднее специальное,Уволен
55,Баранова,Вышеслав,Всеволодович,Female,27,Data,Системный аналитик,Стажер,2019-10-17,92327.08,Среднее специальное,Активен
56,Белова,Андроник,Дмитриевна,Male,34,Analytics,Аналитик данных,Lead,2019-12-18,435212.04,Среднее специальное,Уволен
57,Белозеров,Аверкий,Васильевна,Female,37,IT,Аналитик данных,Junior,2017-05-06,126328.25,Среднее специальное,Уволен
58,Белозерова,Октябрина,Феликсович,Female,28,Data,Системный инженер,Senior,2021-02-05,268328.48,Высшее,Уволен
59,Белозерова,Милован,Трофимович,Female,55,Product,Проект менеджер,Middle,2017-02-09,174801.96,Среднее специальное,Активен
60,Белоусов,Карл,Аверьянович,Female,38,Analytics,Тестировщик,Стажер,2021-02-04,97819.62,Среднее специальное,Уволен
61,Белоусов,Андрон,Матвеевна,Female,26,Data,Системный аналитик,Senior,2015-11-29,356953.14,Высшее,Активен
62,Беляев,Ерофей,Игнатьевич,Female,38,Data,Аналитик данных,Senior,2020-01-14,390073.03,Высшее,Уволен
63,Беляева,Нифонт,Яковлевич,Male,25,Analytics,Продуктовый аналитик,Junior,2021-03-19,126239.59,Среднее специальное,Уволен
64,Беляева,Олег,Станиславовна,Male,26,Data,Системный аналитик,Junior,2018-07-16,118423.45,Высшее,Уволен
65,Беляков,Николай,Мироновна,Male,38,IT,Разработчик систем,Middle,2015-12-07,297706.51,Высшее,Уволен
66,Беляков,Натан,Ануфриевич,Female,40,Product,Аналитик данных,Junior,2018-12-29,147218.39,Магистратура,Активен
67,Белякова,Ананий,Егорович,Female,25,Analytics,Продукт менеджер,Стажер,2023-03-24,90506.14,Магистратура,Активен
68,Беспалов,Сократ,Измаилович,Male,23,Data,Продукт менеджер,Senior,2024-07-07,315343.81,Магистратура,Уволен
69,Беспалов,Гремислав,Августович,Male,26,IT,Проект менеджер,Junior,2023-01-21,126737.52,Высшее,Уволен
70,Беспалова,Иванна,Эдуардович,Male,44,Data,Тестировщик,Стажер,2022-10-04,82163.47,Высшее,Уволен
71,Беспалова,Касьян,Трифонович,Female,26,Analytics,Бизнес аналитик,Junior,2024-01-24,104971.49,Высшее,Активен
72,Беспалова,Спартак,Игоревна,Female,35,IT,Тестировщик,Senior,2022-04-26,251010.82,Среднее специальное,Активен
73,Бирюков,Всеволод,Юлианович,Male,40,Analytics,Аналитик данных,Senior,2019-05-20,319366.22,Магистратура,Активен
74,Бирюков,Алла,Александровна,Female,40,Data,Разработчик баз данных,Стажер,2021-05-28,88740.77,Высшее,Уволен
75,Бирюков,Мирослав,Ефимович,Male,35,Analytics,Разработчик баз данных,Стажер,2020-05-15,106211.7,Магистратура,Уволен
76,Бирюкова,Гаврила,Харлампович,Female,29,Analytics,Разработчик баз данных,Lead,2018-08-04,780704.49,Высшее,Активен
77,Блинов,Валентин,Константиновна,Male,42,Product,Разработчик систем,Senior,2020-09-27,374904.32,Высшее,Активен
78,Блинова,Моисей,Витальевич,Female,39,Data,Разработчик систем,Middle,2023-09-18,166324.58,Среднее специальное,Уволен
79,Блинова,Агафья,Сергеевна,Female,59,Product,Системный инженер,Junior,2024-09-07,131164.61,Высшее,Активен
80,Блинова,Владимир,Ефимовна,Female,57,Analytics,Разработчик систем,Senior,2021-09-23,357832.61,Магистратура,Уволен
81,Блохин,Татьяна,Тихонович,Female,24,IT,Продукт менеджер,Стажер,2014-12-13,107474.93,Магистратура,Активен
82,Блохин,Карп,Вадимовна,Male,26,Analytics,Системный аналитик,Стажер,2019-07-31,115192.77,Среднее специальное,Уволен
83,Блохин,Марфа,Степановна,Male,56,Data,Системный инженер,Стажер,2015-06-25,90096.79,Высшее,Активен
84,Блохин,Виктория,Владиленович,Female,55,IT,Проект менеджер,Middle,2016-05-13,278569.79,Высшее,Активен
85,Блохина,Ираида,Яковлевич,Female,37,Analytics,Продуктовый аналитик,Middle,2021-02-01,251031.1,Магистратура,Активен
86,Блохина,Кира,Валерианович,Male,40,Product,Разработчик баз данных,Senior,2019-12-28,335559.56,Среднее специальное,Уволен
87,Блохина,Архип,Григорьевич,Female,48,Product,Аналитик данных,Senior,2021-10-12,350105.8,Высшее,Уволен
88,Боброва,Ипат,Филатович,Male,26,Data,Аналитик данных,Senior,2016-10-04,379344.75,Среднее специальное,Активен
89,Боброва,Трофим,Кирилловна,Male,48,Product,Системный инженер,Middle,2023-02-14,163875.68,Магистратура,Уволен
90,Боброва,Наркис,Богданович,Male,46,Product,Разработчик баз данных,Middle,2023-12-28,245002.56,Магистратура,Уволен
91,Боброва,Адам,Петровна,Male,28,Product,Продуктовый аналитик,Senior,2016-04-16,282629.86,Высшее,Активен
92,Бобылев,Евпраксия,Ивановна,Male,55,Data,Разработчик систем,Стажер,2018-05-22,111147.24,Среднее специальное,Активен
93,Бобылев,Гаврила,Антонович,Male,49,Data,Разработчик баз данных,Middle,2023-12-18,161112.34,Высшее,Уволен
94,Бобылева,Самуил,Денисович,Male,58,Analytics,Продукт менеджер,Senior,2021-08-22,313726.3,Высшее,Активен
95,Бобылева,Оксана,Борисовна,Female,44,Data,Системный инженер,Стажер,2023-11-25,116417.53,Высшее,Активен
96,Бобылева,Савва,Ждановна,Female,47,Product,Системный инженер,Senior,2019-01-25,311687.56,Магистратура,Активен
97,Богданов,Амвросий,Иосифович,Male,55,Data,Продуктовый аналитик,Стажер,2017-04-20,101783.44,Высшее,Уволен
98,Богданов,Изяслав,Святославовна,Male,53,Data,Продуктовый аналитик,Стажер,2015-09-20,86869.15,Высшее,Уволен
99,Богданов,Порфирий,Брониславович,Male,51,Data,Проект менеджер,Lead,2017-02-22,599285.04,Высшее,Активен
100,Богданова,Софрон,Федосьевич,Male,52,Data,Тестировщик,Junior,2017-06-08,126952.25,Магистратура,Уволен
101,Богданова,Фирс,Рубеновна,Female,47,Data,Разработчик баз данных,Senior,2016-12-19,394760.34,Высшее,Уволен
102,Большаков,Роман,Владиславович,Male,57,Data,Продуктовый аналитик,Lead,2017-06-02,688479.36,Среднее специальное,Активен
103,Большаков,Сильвестр,Гертрудович,Male,48,Data,Тестировщик,Стажер,2024-05-11,107399.48,Среднее специальное,Уволен
104,Большаков,Майя,Федосьевич,Male,48,Product,Продукт менеджер,Senior,2014-11-24,312851.16,Среднее специальное,Активен
105,Большакова,Агап,Ааронович,Male,56,Product,Тестировщик,Middle,2016-01-17,154951.58,Среднее специальное,Активен
106,Борисова,Вадим,Феофанович,Male,26,Data,Аналитик данных,Стажер,2019-06-23,111104.93,Среднее специальное,Уволен
107,Борисова,Марфа,Васильевна,Male,23,Data,Разработчик систем,Стажер,2017-11-16,85793.33,Высшее,Уволен
108,Борисова,Ювеналий,Теймуразович,Female,54,IT,Разработчик систем,Lead,2023-11-21,601829.13,Магистратура,Уволен
109,Борисова,Аверьян,Ермилович,Male,30,Data,Продукт менеджер,Junior,2022-09-22,118186.91,Высшее,Уволен
110,Борисова,Ираида,Тимурович,Male,25,Data,Разработчик баз данных,Lead,2020-06-18,643514.87,Магистратура,Активен
111,Борисова,Боян,Никифоровна,Male,50,IT,Бизнес аналитик,Lead,2019-11-11,441539.84,Высшее,Уволен
112,Борисова,Куприян,Кузьминична,Female,52,IT,Продуктовый аналитик,Lead,2022-01-21,423975.88,Высшее,Активен
113,Брагин,Азарий,Вилорович,Female,47,Product,Разработчик баз данных,Senior,2021-07-19,306370.58,Среднее специальное,Активен
114,Брагин,Евстигней,Ниловна,Male,58,Data,Разработчик систем,Junior,2023-10-01,123112.33,Высшее,Уволен
115,Брагина,Алина,Гертрудович,Male,22,Analytics,Продукт менеджер,Middle,2022-07-30,262810.4,Среднее специальное,Уволен
116,Брагина,Мефодий,Тарасович,Female,48,Analytics,Проект менеджер,Lead,2016-11-22,522445.64,Среднее специальное,Активен
117,Брагина,Ян,Архипович,Male,50,Data,Системный аналитик,Junior,2015-03-16,118804.97,Среднее специальное,Уволен
118,Брагина,Нифонт,Александрович,Male,31,Product,Системный инженер,Lead,2018-12-25,573951.44,Высшее,Уволен
119,Буров,Милица,Гертрудович,Male,29,Data,Продуктовый аналитик,Lead,2019-04-28,424271.95,Среднее специальное,Уволен
120,Буров,Ирина,Феофанович,Male,53,Data,Системный инженер,Middle,2020-10-16,183681.51,Среднее специальное,Уволен
121,Бурова,Виктория,Вячеславовна,Male,54,Analytics,Разработчик баз данных,Стажер,2018-08-21,110695.3,Среднее специальное,Уволен
122,Бурова,Аникей,Дмитриевна,Female,49,Product,Разработчик систем,Senior,2018-02-22,375171.2,Высшее,Активен
123,Бурова,Парфен,Георгиевна,Male,52,Analytics,Проект менеджер,Lead,2019-09-04,654835.42,Среднее специальное,Уволен
124,Быков,Пелагея,Федоровна,Male,49,Product,Системный инженер,Junior,2021-12-05,102168.86,Высшее,Уволен
125,Быкова,Варлаам,Тихонович,Male,31,Data,Бизнес аналитик,Lead,2021-09-13,783987.85,Среднее специальное,Активен
126,Васильев,Нинель,Федотович,Male,56,Product,Разработчик систем,Senior,2015-04-25,340061.66,Высшее,Активен
127,Васильева,Илья,Феликсович,Female,38,Analytics,Разработчик баз данных,Lead,2022-01-25,688845.99,Среднее специальное,Активен
128,Веселов,Афанасий,Ефремович,Female,41,IT,Тестировщик,Senior,2023-06-14,289147.4,Магистратура,Уволен
129,Веселов,Дорофей,Евгеньевна,Male,49,Analytics,Разработчик систем,Senior,2018-07-16,269676.34,Высшее,Активен
130,Веселов,Светозар,Филиппович,Female,56,Analytics,Аналитик данных,Lead,2022-10-14,466669.47,Магистратура,Уволен
131,Веселова,Автоном,Даниловна,Male,57,Analytics,Разработчик систем,Junior,2021-12-18,139690.57,Высшее,Активен
132,Виноградов,Измаил,Жанович,Male,25,Product,Разработчик баз данных,Стажер,2018-10-09,80978.83,Магистратура,Уволен
133,Виноградов,Лукия,Архипович,Male,58,Data,Бизнес аналитик,Middle,2017-01-01,158719.01,Среднее специальное,Уволен
134,Виноградов,Тихон,Антоновна,Female,59,IT,Проект менеджер,Lead,2023-11-08,736319.28,Высшее,Уволен
135,Виноградов,Радислав,Демьянович,Female,42,Analytics,Разработчик баз данных,Middle,2016-05-24,188298.36,Магистратура,Активен
136,Виноградова,Трифон,Данилович,Female,48,Analytics,Продуктовый аналитик,Middle,2015-06-13,247901.77,Магистратура,Уволен
137,Вишнякова,Жанна,Власович,Male,34,Data,Системный инженер,Middle,2020-02-14,189573.8,Среднее специальное,Активен
138,Вишнякова,Кондрат,Федоровна,Male,46,Product,Бизнес аналитик,Стажер,2021-01-17,103066.59,Среднее специальное,Активен
139,Вишнякова,Лавр,Давидович,Male,35,Analytics,Проект менеджер,Lead,2017-09-27,426927.26,Среднее специальное,Уволен
140,Вишнякова,Лукия,Викентьевич,Female,44,Product,Системный инженер,Lead,2016-11-30,527848.58,Высшее,Активен
141,Владимиров,Пахом,Макаровна,Female,45,IT,Аналитик данных,Junior,2023-04-10,106603.51,Магистратура,Активен
142,Владимиров,Ульяна,Юрьевна,Male,51,Data,Аналитик данных,Стажер,2017-12-19,89749.22,Среднее специальное,Активен
143,Владимирова,Авдей,Олеговна,Female,59,Data,Разработчик баз данных,Lead,2017-04-09,403379.61,Среднее специальное,Уволен
144,Власов,Людмила,Артемьевич,Female,26,Product,Проект менеджер,Стажер,2016-03-28,117374.07,Высшее,Уволен
145,Власов,Раиса,Игоревна,Male,42,Data,Системный инженер,Junior,2022-11-19,103404.69,Высшее,Уволен
146,Власов,Любомир,Эдуардович,Female,50,Product,Проект менеджер,Senior,2018-10-08,362309.25,Магистратура,Уволен
147,Власов,Кондрат,Оскаровна,Female,43,IT,Разработчик баз данных,Junior,2024-07-09,101854.62,Высшее,Уволен
148,Волков,Ипат,Эльдаровна,Male,49,Analytics,Бизнес аналитик,Junior,2019-02-17,126404.04,Высшее,Активен
149,Волкова,Автоном,Евгеньевна,Female,58,Analytics,Системный аналитик,Стажер,2020-11-01,83430.95,Высшее,Уволен
150,Волкова,Будимир,Станиславовна,Male,55,IT,Продуктовый аналитик,Senior,2020-11-07,255265.58,Среднее специальное,Активен
151,Волкова,Спартак,Эльдаровна,Male,46,Product,Продуктовый аналитик,Senior,2021-04-02,380409.44,Магистратура,Уволен
152,Воробьев,Савелий,Фёдорович,Female,42,IT,Продукт менеджер,Lead,2016-12-26,511311.45,Магистратура,Уволен
153,Воробьев,Евлампий,Вениаминовна,Male,45,Analytics,Аналитик данных,Стажер,2017-08-17,118679.06,Среднее специальное,Уволен
154,Воробьев,Герман,Федосеевич,Male,50,Analytics,Разработчик систем,Middle,2022-01-06,209952.1,Среднее специальное,Уволен
155,Воробьев,Зосима,Алексеевич,Female,48,Data,Проект менеджер,Middle,2020-09-11,155024.6,Магистратура,Активен
156,Воробьев,Адам,Геннадьевна,Male,25,Analytics,Бизнес аналитик,Lead,2016-03-05,465453.63,Магистратура,Уволен
157,Воробьева,Кондратий,Ермолаевич,Female,49,Data,Бизнес аналитик,Middle,2020-05-18,266263.84,Магистратура,Активен
158,Воробьева,Рюрик,Арсенович,Male,43,IT,Тестировщик,Middle,2021-08-22,249866.09,Среднее специальное,Уволен
159,Воробьева,Селиван,Артёмович,Female,58,Data,Бизнес аналитик,Senior,2023-12-12,267655.09,Среднее специальное,Уволен
160,Воронов,Кирилл,Витальевич,Male,52,Analytics,Системный аналитик,Стажер,2017-07-27,90636.05,Среднее специальное,Уволен
161,Воронов,Евстигней,Владиславович,Male,59,Analytics,Бизнес аналитик,Senior,2022-03-14,345743.76,Среднее специальное,Уволен
162,Воронов,Гостомысл,Харламович,Female,50,Data,Бизнес аналитик,Стажер,2023-06-24,104219.98,Высшее,Уволен
163,Воронова,Раиса,Макаровна,Female,36,IT,Продукт менеджер,Стажер,2021-02-14,106953.49,Магистратура,Уволен
164,Воронова,Владлен,Антонович,Female,51,IT,Разработчик баз данных,Стажер,2021-03-29,111744.96,Среднее специальное,Уволен
165,Воронова,Изяслав,Феоктистович,Male,57,Data,Системный аналитик,Стажер,2024-05-17,118047.97,Магистратура,Активен
166,Воронцов,Фаина,Артёмович,Male,46,Product,Системный аналитик,Junior,2024-06-13,118767.91,Высшее,Уволен
167,Воронцова,Евфросиния,Харлампьевич,Female,37,IT,Аналитик данных,Стажер,2017-05-20,116744.22,Высшее,Уволен
168,Воронцова,Кондратий,Венедиктович,Male,35,Product,Аналитик данных,Стажер,2019-10-01,94208.08,Высшее,Активен
169,Воронцова,Эрнест,Тарасовна,Male,60,IT,Системный аналитик,Стажер,2017-08-18,91062.25,Магистратура,Активен
170,Гаврилов,Викентий,Эдуардович,Male,52,Product,Системный инженер,Стажер,2021-05-25,106784.95,Магистратура,Активен
171,Гаврилов,Архип,Максимовна,Female,57,Product,Бизнес аналитик,Lead,2016-09-01,475010.05,Среднее специальное,Уволен
172,Гаврилов,Нонна,Елисеевич,Female,41,Product,Продуктовый аналитик,Lead,2019-01-28,488991.37,Высшее,Уволен
173,Гаврилов,Варвара,Анатольевна,Male,49,Product,Продукт менеджер,Lead,2017-12-11,685583.65,Магистратура,Уволен
174,Гаврилова,Ананий,Вилорович,Male,50,Data,Продукт менеджер,Middle,2018-01-17,153952.6,Высшее,Активен
175,Гаврилова,Глеб,Альбертовна,Male,49,Data,Продукт менеджер,Lead,2017-08-24,671650.4,Среднее специальное,Уволен
176,Галкин,Ангелина,Артемьевич,Male,56,IT,Разработчик систем,Стажер,2019-02-19,80065.42,Среднее специальное,Активен
177,Галкина,София,Юлианович,Female,40,Product,Продуктовый аналитик,Lead,2020-02-20,594730.46,Магистратура,Активен
178,Галкина,Януарий,Брониславович,Female,28,Product,Проект менеджер,Стажер,2017-11-01,96352.29,Среднее специальное,Активен
179,Герасимов,Алевтина,Дмитриевич,Female,40,IT,Продуктовый аналитик,Lead,2024-03-13,665233.75,Магистратура,Активен
180,Герасимов,Дементий,Эдуардовна,Male,41,Analytics,Разработчик баз данных,Middle,2015-12-29,255165.57,Магистратура,Активен
181,Герасимова,Мечислав,Гавриилович,Male,42,Product,Бизнес аналитик,Lead,2023-12-27,747142.39,Среднее специальное,Активен
182,Герасимова,Наина,Вениаминовна,Female,24,Analytics,Системный аналитик,Junior,2023-10-15,113368.5,Магистратура,Уволен
183,Герасимова,Лука,Филатович,Female,40,Product,Системный аналитик,Junior,2017-11-14,102284.96,Среднее специальное,Уволен
184,Герасимова,Сергей,Эдуардовна,Female,58,Product,Разработчик систем,Стажер,2023-12-15,94579.98,Среднее специальное,Уволен
185,Герасимова,Александра,Викторовна,Male,30,Analytics,Системный инженер,Стажер,2017-08-13,99713.99,Магистратура,Уволен
186,Герасимова,Эмиль,Николаевна,Male,57,IT,Разработчик баз данных,Lead,2018-01-05,463965.08,Магистратура,Активен
187,Голубев,Марина,Ермилович,Male,52,Product,Системный инженер,Middle,2023-02-13,264736.16,Высшее,Активен
188,Голубева,Никандр,Натановна,Male,40,Data,Бизнес аналитик,Middle,2020-12-01,164179.38,Высшее,Активен
189,Горбачев,Лукьян,Богданович,Female,34,IT,Аналитик данных,Стажер,2023-08-26,108437.78,Магистратура,Уволен
190,Горбачева,Амос,Виленович,Male,46,IT,Проект менеджер,Junior,2015-06-12,134537.72,Магистратура,Активен
191,Горбунов,Ираклий,Федотович,Female,43,Analytics,Системный инженер,Middle,2020-08-16,202713.73,Высшее,Активен
192,Горбунова,Стоян,Владимировна,Male,54,IT,Проект менеджер,Стажер,2017-02-27,110457.4,Магистратура,Уволен
193,Горбунова,Евстафий,Наумовна,Male,37,Analytics,Системный инженер,Senior,2022-06-05,302975.0,Магистратура,Активен
194,Горбунова,Валентин,Ивановна,Female,41,Analytics,Продуктовый аналитик,Стажер,2024-07-01,106418.14,Магистратура,Уволен
195,Гордеев,Эрнест,Геннадиевич,Male,40,Product,Продукт менеджер,Middle,2016-03-01,202674.52,Высшее,Уволен
196,Гордеев,Сократ,Ефремович,Male,39,IT,Системный аналитик,Junior,2015-05-14,142336.63,Среднее специальное,Активен
197,Гордеева,Ангелина,Иосифович,Female,34,Analytics,Разработчик баз данных,Middle,2019-09-21,277437.98,Высшее,Активен
198,Гордеева,Трифон,Вячеславович,Male,51,Data,Проект менеджер,Junior,2019-01-10,133598.66,Среднее специальное,Активен
199,Горшков,Леонид,Давыдович,Female,53,Product,Разработчик систем,Junior,2018-07-20,108756.71,Магистратура,Уволен
200,Горшков,Марина,Даниловна,Female,40,Analytics,Тестировщик,Стажер,2022-08-04,93650.39,Высшее,Уволен
201,Горшков,Вышеслав,Феодосьевич,Male,41,Product,Продуктовый аналитик,Senior,2017-01-04,255777.75,Среднее специальное,Активен
202,Горшков,Демьян,Ивановна,Female,40,Data,Продуктовый аналитик,Middle,2019-10-16,154074.47,Магистратура,Активен
203,Горшкова,Виктория,Ждановна,Female,42,Data,Разработчик систем,Junior,2020-12-04,135510.85,Высшее,Уволен
204,Горшкова,Олимпиада,Гертрудович,Male,22,Analytics,Системный аналитик,Junior,2019-01-22,109653.15,Магистратура,Активен
205,Горшкова,Марфа,Анатольевич,Male,24,Analytics,Аналитик данных,Стажер,2022-01-07,101440.96,Среднее специальное,Активен
206,Григорьев,Ангелина,Евстигнеевич,Male,41,Analytics,Продукт менеджер,Lead,2017-11-17,540632.73,Магистратура,Активен
207,Григорьева,Вадим,Ильинична,Male,43,Analytics,Системный инженер,Senior,2017-03-06,274694.74,Среднее специальное,Активен
208,Григорьева,Арсений,Феодосьевич,Female,33,IT,Бизнес аналитик,Lead,2017-02-22,664275.92,Среднее специальное,Активен
209,Гришин,Архип,Ниловна,Female,22,Data,Продуктовый аналитик,Middle,2019-07-30,239741.87,Магистратура,Уволен
210,Гришин,Владлен,Филатович,Female,40,Product,Продуктовый аналитик,Lead,2014-11-01,720052.55,Высшее,Активен
211,Гришина,Велимир,Наумовна,Male,35,Product,Тестировщик,Lead,2017-04-30,705175.26,Высшее,Активен
212,Гришина,Лавр,Владиславовна,Male,38,Data,Системный аналитик,Senior,2015-01-08,278209.78,Магистратура,Уволен
213,Гришина,Авдей,Виленович,Female,45,Analytics,Разработчик систем,Middle,2019-09-26,177312.18,Среднее специальное,Уволен
214,Громов,Мартын,Зиновьевич,Female,57,Data,Бизнес аналитик,Стажер,2021-12-21,105753.33,Высшее,Активен
215,Громов,Фома,Сергеевна,Female,53,Product,Проект менеджер,Lead,2015-06-27,466684.67,Среднее специальное,Уволен
216,Громова,Иларион,Ануфриевич,Female,51,Product,Проект менеджер,Middle,2023-04-22,154369.63,Среднее специальное,Активен
217,Громова,Эммануил,Филатович,Female,48,Analytics,Аналитик данных,Lead,2015-06-08,594778.93,Высшее,Уволен
218,Громова,Никита,Игоревна,Male,38,Analytics,Тестировщик,Стажер,2015-03-11,97034.17,Высшее,Уволен
219,Громова,Юлия,Андреевна,Female,37,IT,Аналитик данных,Junior,2020-06-07,106544.93,Магистратура,Активен
220,Гуляев,Епифан,Леонидовна,Male,53,Analytics,Тестировщик,Lead,2020-02-04,596823.14,Высшее,Активен
221,Гуляева,Лидия,Леоновна,Female,48,Data,Бизнес аналитик,Junior,2023-03-04,125863.02,Магистратура,Активен
222,Гуляева,Варвара,Григорьевич,Female,38,Analytics,Продукт менеджер,Lead,2022-12-25,699040.74,Среднее специальное,Уволен
223,Гуляева,Ерофей,Терентьевич,Male,23,IT,Бизнес аналитик,Senior,2024-07-23,264137.27,Среднее специальное,Уволен
224,Гурьев,Руслан,Богданович,Female,36,Analytics,Тестировщик,Middle,2022-01-27,153046.71,Высшее,Активен
225,Гурьев,Милан,Антипович,Female,31,Data,Тестировщик,Стажер,2023-08-07,92018.61,Среднее специальное,Активен
226,Гурьева,Юрий,Максимовна,Male,31,Data,Тестировщик,Lead,2020-01-10,414703.41,Магистратура,Активен
227,Гусев,Иосиф,Максимовна,Female,55,Data,Проект менеджер,Junior,2015-04-20,132330.98,Магистратура,Уволен
228,Гусева,Фирс,Филатович,Female,25,Data,Аналитик данных,Lead,2016-11-22,485536.3,Среднее специальное,Активен
229,Гусева,Фортунат,Тимуровна,Female,36,Analytics,Проект менеджер,Middle,2014-10-27,157310.73,Высшее,Уволен
230,Гусева,Евгений,Константиновна,Female,33,IT,Продуктовый аналитик,Junior,2020-09-21,116039.13,Среднее специальное,Уволен
231,Гусева,Валерий,Гурьевич,Male,47,IT,Системный аналитик,Lead,2021-08-11,539693.15,Среднее специальное,Уволен
232,Гущин,Иосиф,Робертовна,Male,39,Data,Продукт менеджер,Junior,2015-06-17,131001.57,Магистратура,Уволен
233,Гущин,Ксения,Феодосьевич,Male,54,IT,Продуктовый аналитик,Lead,2020-10-22,788419.99,Среднее специальное,Активен
234,Гущина,Мина,Харитонович,Female,50,Data,Аналитик данных,Lead,2022-11-27,406617.4,Магистратура,Уволен
235,Давыдов,Антонина,Эдгардович,Female,47,IT,Продуктовый аналитик,Senior,2024-09-29,315038.16,Высшее,Уволен
236,Давыдов,Светозар,Станиславовна,Female,46,Analytics,Аналитик данных,Junior,2018-08-10,129931.16,Высшее,Уволен
237,Давыдов,Христофор,Евгеньевна,Female,28,IT,Продукт менеджер,Стажер,2021-07-10,85593.65,Магистратура,Уволен
238,Давыдов,Вячеслав,Егоровна,Male,46,Data,Системный аналитик,Стажер,2015-10-29,85298.33,Высшее,Активен
239,Давыдова,Виктория,Эльдаровна,Male,54,Product,Тестировщик,Lead,2021-10-21,503461.26,Магистратура,Уволен
240,Данилов,Терентий,Филимонович,Female,27,Analytics,Продукт менеджер,Junior,2019-04-09,138229.51,Высшее,Активен
241,Данилов,Фаина,Сергеевна,Male,42,Analytics,Системный аналитик,Senior,2018-09-12,280295.06,Высшее,Уволен
242,Данилова,Емельян,Данилович,Male,46,Product,Тестировщик,Junior,2020-06-06,104607.63,Среднее специальное,Активен
243,Данилова,Руслан,Викторович,Female,56,Analytics,Продуктовый аналитик,Middle,2014-11-01,166335.09,Магистратура,Уволен
244,Дементьев,Мирослав,Федоровна,Male,48,Analytics,Бизнес аналитик,Senior,2018-06-09,384614.41,Среднее специальное,Уволен
245,Дементьева,Андрон,Павловна,Male,53,IT,Системный аналитик,Стажер,2021-04-21,104482.54,Магистратура,Активен
246,Денисов,Антонина,Аркадьевна,Male,24,Data,Тестировщик,Junior,2021-08-27,134245.57,Среднее специальное,Активен
247,Денисов,Самсон,Демьянович,Male,42,IT,Бизнес аналитик,Senior,2020-10-29,284135.0,Среднее специальное,Уволен
248,Дмитриев,Добромысл,Гаврилович,Female,43,IT,Разработчик баз данных,Junior,2017-02-24,147282.35,Магистратура,Уволен
249,Дмитриева,Авдей,Ааронович,Male,42,Data,Продуктовый аналитик,Lead,2018-08-06,779573.9,Магистратура,Активен
250,Дмитриева,Эрнест,Анисимович,Male,44,Product,Продуктовый аналитик,Lead,2018-09-16,575126.08,Высшее,Уволен
251,Доронин,Рубен,Иларионович,Male,31,Analytics,Проект менеджер,Senior,2015-11-22,388794.55,Среднее специальное,Активен
252,Доронин,Эраст,Яковлевич,Male,56,Data,Бизнес аналитик,Junior,2023-12-28,126945.15,Среднее специальное,Активен
253,Доронин,Федор,Устинович,Male,41,IT,Продукт менеджер,Junior,2016-03-04,106213.43,Магистратура,Уволен
254,Доронин,Пахом,Герасимович,Female,55,IT,Продукт менеджер,Lead,2017-11-23,664330.58,Среднее специальное,Уволен
255,Доронин,Елена,Игоревич,Female,46,Product,Проект менеджер,Junior,2021-07-15,146006.44,Высшее,Активен
256,Доронина,Ратмир,Юльевич,Female,38,Product,Аналитик данных,Lead,2016-02-25,425287.25,Среднее специальное,Активен
257,Доронина,Евпраксия,Архиповна,Male,22,IT,Системный аналитик,Стажер,2017-02-09,81020.74,Магистратура,Уволен
258,Дорофеев,Таисия,Ефремович,Female,43,IT,Проект менеджер,Junior,2021-02-07,133951.97,Высшее,Уволен
259,Дорофеев,Андроник,Дмитриевич,Female,25,Product,Проект менеджер,Middle,2019-03-11,191138.88,Магистратура,Активен
260,Дорофеева,Софон,Валериевна,Male,59,Data,Бизнес аналитик,Стажер,2018-11-11,99281.33,Магистратура,Активен
261,Дроздов,Радован,Андреевна,Male,60,Analytics,Аналитик данных,Senior,2015-10-28,273263.56,Высшее,Активен
262,Дроздов,Мокей,Руслановна,Male,51,IT,Проект менеджер,Junior,2023-02-20,100266.3,Среднее специальное,Уволен
263,Дроздов,Екатерина,Михайловна,Female,52,Analytics,Тестировщик,Middle,2020-03-07,225748.77,Высшее,Уволен
264,Дьячков,Родион,Бориславович,Female,54,Product,Системный инженер,Junior,2019-01-25,120506.18,Среднее специальное,Уволен
265,Дьячкова,Валерия,Петровна,Female,32,Analytics,Продуктовый аналитик,Стажер,2015-07-01,96670.5,Среднее специальное,Уволен
266,Дьячкова,Силантий,Матвеевна,Male,55,Analytics,Продуктовый аналитик,Lead,2015-07-26,751750.91,Высшее,Уволен
267,Евдокимов,Ладислав,Аскольдовна,Male,42,Analytics,Аналитик данных,Стажер,2018-08-10,80887.72,Среднее специальное,Уволен
268,Евдокимов,Богдан,Елисеевич,Male,56,Product,Системный аналитик,Senior,2024-07-31,290599.88,Среднее специальное,Активен
269,Евдокимов,Эрнст,Венедиктович,Male,48,IT,Системный аналитик,Junior,2023-09-17,142033.04,Среднее специальное,Активен
270,Евдокимова,Епифан,Ермолаевич,Male,47,Data,Продукт менеджер,Lead,2015-03-09,431187.95,Магистратура,Уволен
271,Евдокимова,Фадей,Тарасовна,Male,50,Product,Разработчик баз данных,Senior,2016-09-18,362669.35,Магистратура,Активен
272,Евсеев,Федосий,Тихонович,Female,30,IT,Системный аналитик,Middle,2019-06-05,285962.33,Высшее,Активен
273,Евсеев,Онуфрий,Сергеевна,Male,28,IT,Разработчик баз данных,Стажер,2018-12-17,114596.06,Высшее,Уволен
274,Евсеева,Мстислав,Арсенович,Male,25,IT,Разработчик баз данных,Стажер,2016-04-13,92351.83,Среднее специальное,Активен
275,Евсеева,Александр,Глебович,Male,42,Data,Продуктовый аналитик,Стажер,2018-08-11,98715.34,Среднее специальное,Активен
276,Егоров,Анжелика,Феофанович,Male,58,Data,Тестировщик,Стажер,2018-12-29,100023.9,Среднее специальное,Уволен
277,Егоров,Федот,Феодосьевич,Female,37,IT,Аналитик данных,Junior,2019-01-29,137675.66,Магистратура,Активен
278,Егоров,Афиноген,Александровна,Female,46,Analytics,Системный инженер,Middle,2019-01-20,234994.42,Высшее,Активен
279,Егорова,Симон,Даниловна,Male,30,Analytics,Продуктовый аналитик,Senior,2023-05-30,382283.82,Среднее специальное,Уволен
280,Елисеева,Изот,Эдгардович,Male,36,Product,Продукт менеджер,Junior,2024-05-05,146010.18,Магистратура,Уволен
281,Елисеева,Татьяна,Антонович,Female,32,Product,Системный инженер,Стажер,2015-08-09,110012.84,Среднее специальное,Уволен
282,Емельянов,Ольга,Константиновна,Female,45,Analytics,Продуктовый аналитик,Стажер,2019-08-31,100875.81,Магистратура,Активен
283,Емельянов,Нинель,Феликсович,Male,27,Analytics,Продукт менеджер,Middle,2017-09-26,286871.06,Высшее,Активен
284,Емельянова,Макар,Эдуардовна,Male,32,Analytics,Системный инженер,Middle,2015-07-13,226028.49,Среднее специальное,Активен
285,Емельянова,Арефий,Игнатович,Female,59,Data,Аналитик данных,Стажер,2019-07-24,109731.28,Магистратура,Активен
286,Емельянова,Серафим,Бориславович,Female,26,IT,Разработчик баз данных,Middle,2020-06-14,255920.43,Магистратура,Активен
287,Ермаков,Галактион,Глебович,Male,30,IT,Проект менеджер,Junior,2017-10-18,107641.1,Магистратура,Уволен
288,Ермаков,Регина,Харламович,Male,33,Analytics,Продукт менеджер,Junior,2024-03-28,133710.65,Высшее,Активен
289,Ермаков,Прохор,Антонович,Female,59,Data,Тестировщик,Senior,2017-10-02,371110.71,Среднее специальное,Активен
290,Ермаков,Ирина,Гаврилович,Female,38,IT,Продукт менеджер,Junior,2023-01-28,140550.33,Среднее специальное,Уволен
291,Ермаков,Твердислав,Германович,Male,34,Data,Системный аналитик,Senior,2023-07-14,299699.05,Среднее специальное,Уволен
292,Ермаков,Адам,Евсеевич,Female,41,Product,Продуктовый аналитик,Стажер,2015-11-28,92376.0,Высшее,Уволен
293,Ершов,Лучезар,Игоревич,Female,46,Data,Разработчик баз данных,Стажер,2023-07-21,80173.69,Среднее специальное,Активен
294,Ершов,Кир,Жоресович,Female,35,Analytics,Проект менеджер,Senior,2022-05-27,269149.02,Магистратура,Уволен
295,Ершова,Петр,Власович,Male,37,Data,Проект менеджер,Lead,2023-12-06,575478.37,Магистратура,Уволен
296,Ефимов,Любомир,Изотович,Male,53,Data,Продуктовый аналитик,Senior,2020-08-11,298993.97,Магистратура,Активен
297,Ефимов,Матвей,Федосеевич,Female,30,Data,Бизнес аналитик,Middle,2022-03-07,280938.75,Высшее,Уволен
298,Ефимов,Парфен,Валерианович,Female,56,Data,Аналитик данных,Senior,2017-11-09,368853.57,Среднее специальное,Активен
299,Ефимова,Ольга,Феодосьевич,Male,54,Analytics,Системный аналитик,Middle,2023-02-28,164147.15,Магистратура,Активен
300,Ефимова,Севастьян,Руслановна,Male,43,IT,Продукт менеджер,Junior,2023-07-27,131718.47,Высшее,Активен
301,Ефимова,Любомир,Артурович,Male,38,Analytics,Системный инженер,Middle,2020-05-26,162509.47,Высшее,Активен
302,Ефремов,Авдей,Юльевич,Male,35,Analytics,Системный аналитик,Lead,2020-02-22,794850.94,Высшее,Активен
303,Ефремов,Сократ,Устинович,Male,54,IT,Разработчик систем,Lead,2015-06-17,511694.07,Среднее специальное,Уволен
304,Жданов,Эрнст,Августович,Female,53,IT,Разработчик баз данных,Lead,2017-07-23,458783.93,Магистратура,Уволен
305,Жданова,Савватий,Эдуардович,Male,40,Analytics,Продуктовый аналитик,Lead,2020-08-02,573463.39,Магистратура,Уволен
306,Жданова,Дорофей,Всеволодович,Male,28,Product,Системный инженер,Стажер,2024-04-25,112063.19,Среднее специальное,Уволен
307,Жуков,Гаврила,Владиславовна,Male,58,Product,Продуктовый аналитик,Senior,2017-09-13,334544.05,Магистратура,Уволен
308,Жуков,Игнатий,Романовна,Male,46,Data,Системный инженер,Lead,2014-10-28,502498.15,Среднее специальное,Активен
309,Жуков,Эраст,Егорович,Male,47,Product,Системный инженер,Junior,2022-07-06,114443.5,Магистратура,Активен
310,Жуков,Рюрик,Власович,Female,22,Product,Системный аналитик,Lead,2016-02-25,752259.11,Среднее специальное,Активен
311,Жукова,Ладимир,Сергеевна,Female,24,Analytics,Продукт менеджер,Lead,2018-07-20,416289.59,Магистратура,Активен
312,Жукова,Станимир,Игнатьевич,Male,40,Analytics,Системный инженер,Middle,2017-03-15,264806.89,Среднее специальное,Активен
313,Журавлев,Мирослав,Елизарович,Female,55,Data,Продукт менеджер,Стажер,2019-02-18,85410.97,Высшее,Активен
314,Журавлев,Амвросий,Викентьевич,Female,39,Analytics,Тестировщик,Junior,2020-05-10,138720.32,Магистратура,Активен
315,Журавлева,Еремей,Олеговна,Female,43,Analytics,Тестировщик,Стажер,2015-07-21,82165.23,Среднее специальное,Уволен
316,Журавлева,Максим,Герасимович,Female,56,Data,Системный инженер,Junior,2023-01-02,139151.61,Высшее,Активен
317,Зайцев,Станимир,Вячеславович,Female,22,Product,Бизнес аналитик,Junior,2021-01-25,130156.77,Среднее специальное,Уволен
318,Зайцев,Андрей,Юлианович,Female,39,Analytics,Системный инженер,Senior,2016-05-04,328156.02,Среднее специальное,Уволен
319,Зайцева,Евгения,Захарьевич,Male,35,IT,Аналитик данных,Senior,2023-09-13,376066.93,Среднее специальное,Активен
320,Зайцева,Егор,Рудольфовна,Female,56,Analytics,Тестировщик,Middle,2015-05-12,267875.99,Магистратура,Активен
321,Захаров,Сидор,Харлампович,Female,53,Analytics,Разработчик баз данных,Middle,2018-04-24,188941.76,Среднее специальное,Активен
322,Захаров,Арефий,Фокич,Male,22,Product,Разработчик баз данных,Lead,2018-08-17,466003.73,Высшее,Активен
323,Захарова,Терентий,Вячеславович,Male,49,IT,Проект менеджер,Middle,2015-06-12,281776.31,Магистратура,Уволен
324,Зимин,Леонтий,Юльевна,Male,32,IT,Продукт менеджер,Lead,2015-03-07,436466.4,Высшее,Уволен
325,Зимина,Вацлав,Ильич,Male,42,Analytics,Бизнес аналитик,Middle,2018-06-16,219421.09,Высшее,Активен
326,Зиновьев,Роман,Викентьевич,Male,31,IT,Продукт менеджер,Lead,2023-10-02,626654.86,Среднее специальное,Уволен
327,Зиновьева,Януарий,Филиппович,Male,36,IT,Разработчик баз данных,Стажер,2019-12-10,95152.02,Среднее специальное,Уволен
328,Зиновьева,Архип,Иларионович,Male,56,Data,Системный аналитик,Junior,2021-08-15,107983.96,Магистратура,Активен
329,Зуев,Василий,Геннадиевна,Male,54,Data,Аналитик данных,Стажер,2018-05-26,89399.9,Среднее специальное,Активен
330,Зуев,Ираида,Елизарович,Female,53,IT,Системный аналитик,Стажер,2015-06-13,83715.72,Магистратура,Уволен
331,Зуев,Милий,Чеславович,Female,50,Data,Продуктовый аналитик,Middle,2019-10-31,183378.62,Магистратура,Активен
332,Зуева,Тарас,Константиновна,Male,24,Analytics,Аналитик данных,Middle,2015-11-23,248028.03,Магистратура,Уволен
333,Зыков,Борислав,Эдгардович,Female,32,Analytics,Тестировщик,Middle,2022-06-28,283690.8,Магистратура,Уволен
334,Зыков,Кузьма,Ефимьевич,Male,54,Analytics,Продуктовый аналитик,Lead,2015-09-15,771932.24,Магистратура,Уволен
335,Зыкова,Павел,Глебович,Male,48,Analytics,Разработчик систем,Lead,2022-05-29,626250.12,Магистратура,Активен
336,Зыкова,Терентий,Ильясович,Male,47,Product,Разработчик систем,Junior,2022-11-01,148053.73,Среднее специальное,Уволен
337,Иванов,Пелагея,Филипповна,Female,50,Product,Системный аналитик,Middle,2019-09-24,220619.76,Высшее,Уволен
338,Иванов,Рубен,Игнатович,Female,23,Product,Тестировщик,Junior,2015-05-26,103387.14,Высшее,Уволен
339,Иванов,Евлампий,Фокич,Male,35,Data,Аналитик данных,Senior,2018-12-21,358758.21,Высшее,Уволен
340,Иванов,Авксентий,Витальевич,Male,37,Analytics,Тестировщик,Junior,2018-05-25,147489.83,Магистратура,Активен
341,Иванов,Тамара,Бориславович,Male,35,Data,Проект менеджер,Middle,2022-09-01,207466.69,Высшее,Активен
342,Иванова,Аникита,Ниловна,Female,45,Analytics,Тестировщик,Lead,2017-03-03,767001.43,Среднее специальное,Активен
343,Иванова,Всемил,Егорович,Female,60,IT,Бизнес аналитик,Lead,2021-04-24,768618.76,Высшее,Активен
344,Иванова,Феоктист,Рудольфовна,Male,59,IT,Разработчик систем,Junior,2015-08-07,111511.28,Высшее,Активен
345,Иванова,Митофан,Ерофеевич,Female,29,Data,Разработчик баз данных,Middle,2017-09-21,198696.91,Высшее,Активен
346,Игнатов,Станислав,Филиппович,Female,41,IT,Разработчик баз данных,Junior,2018-01-05,114846.18,Магистратура,Уволен
347,Игнатов,Жанна,Иосифович,Female,58,Analytics,Тестировщик,Middle,2014-11-02,162941.35,Высшее,Уволен
348,Игнатова,Харлампий,Зиновьевич,Female,56,IT,Разработчик баз данных,Junior,2022-12-21,115378.85,Среднее специальное,Уволен
349,Игнатова,Ипатий,Андреевна,Male,42,Data,Системный инженер,Junior,2018-01-21,137268.46,Высшее,Активен
350,Игнатьев,Тимур,Афанасьевич,Female,46,Data,Продуктовый аналитик,Lead,2021-06-14,691384.79,Среднее специальное,Активен
351,Игнатьев,Юлия,Юрьевна,Female,25,Analytics,Продуктовый аналитик,Junior,2017-05-19,122891.9,Магистратура,Активен
352,Игнатьев,Фёкла,Егоровна,Male,48,IT,Аналитик данных,Lead,2018-03-14,522825.7,Среднее специальное,Уволен
353,Игнатьева,Бажен,Жанович,Male,48,Data,Продукт менеджер,Junior,2022-06-11,123036.87,Высшее,Уволен
354,Игнатьева,Эмилия,Харитоновна,Female,37,Data,Проект менеджер,Lead,2023-08-04,486087.06,Магистратура,Активен
355,Игнатьева,Яков,Арсенович,Female,36,IT,Бизнес аналитик,Senior,2018-01-14,290133.55,Высшее,Активен
356,Игнатьева,Валентина,Георгиевна,Male,41,Data,Тестировщик,Middle,2015-03-28,253354.05,Среднее специальное,Активен
357,Исаков,Андрей,Владиславович,Female,59,Data,Тестировщик,Lead,2021-01-25,579387.25,Среднее специальное,Уволен
358,Исаков,Екатерина,Германович,Male,60,Data,Системный аналитик,Middle,2019-04-07,226743.45,Среднее специальное,Уволен
359,Исакова,Трофим,Ждановна,Female,50,IT,Продукт менеджер,Стажер,2018-08-30,85563.44,Высшее,Уволен
360,Кабанов,Мечислав,Арсеньевич,Female,30,Data,Продукт менеджер,Senior,2018-03-15,322504.35,Среднее специальное,Уволен
361,Кабанов,Орест,Евстигнеевич,Female,32,IT,Разработчик баз данных,Lead,2018-04-20,638626.88,Высшее,Активен
362,Кабанова,Ипполит,Демьянович,Male,28,Analytics,Проект менеджер,Middle,2014-11-28,249848.94,Среднее специальное,Активен
363,Казаков,Марина,Михайловна,Female,46,Product,Разработчик систем,Senior,2019-09-13,309046.52,Высшее,Активен
364,Казаков,Мокей,Даниловна,Male,42,IT,Разработчик баз данных,Стажер,2016-11-29,115009.72,Магистратура,Активен
365,Казакова,Игорь,Валентинович,Male,48,IT,Проект менеджер,Middle,2023-01-24,258578.11,Магистратура,Уволен
366,Казакова,Иларион,Григорьевна,Male,38,Data,Бизнес аналитик,Junior,2022-08-30,103725.46,Среднее специальное,Активен
367,Казакова,Вадим,Данилович,Male,28,Product,Системный инженер,Senior,2019-01-01,314762.31,Высшее,Уволен
368,Калашников,Маргарита,Арсенович,Female,31,Data,Разработчик баз данных,Стажер,2024-02-22,114281.74,Высшее,Активен
369,Калашников,Аким,Семеновна,Male,36,Analytics,Аналитик данных,Lead,2015-03-11,667980.0,Высшее,Активен
370,Калашников,Кир,Юрьевна,Female,46,Analytics,Проект менеджер,Middle,2022-04-25,176818.07,Магистратура,Активен
371,Калашников,Нестор,Викторович,Male,58,Analytics,Тестировщик,Senior,2017-01-27,335795.75,Среднее специальное,Активен
372,Калашникова,Данила,Дмитриевич,Female,43,Data,Тестировщик,Senior,2022-01-23,349342.28,Высшее,Уволен
373,Калашникова,Олег,Станиславовна,Female,26,Analytics,Системный аналитик,Senior,2018-10-17,339662.18,Высшее,Уволен
374,Калинина,Агата,Эдгардович,Male,29,IT,Продукт менеджер,Middle,2023-10-09,220300.01,Среднее специальное,Активен
375,Калинина,Бажен,Егорович,Female,57,Data,Продукт менеджер,Middle,2023-10-10,216322.7,Высшее,Активен
376,Калинина,Виталий,Адрианович,Female,46,Data,Разработчик баз данных,Стажер,2023-03-08,117153.46,Среднее специальное,Активен
377,Капустин,Сократ,Никифоровна,Male,24,Analytics,Бизнес аналитик,Стажер,2017-06-10,101397.14,Высшее,Активен
378,Капустина,Феликс,Терентьевич,Male,29,Analytics,Продукт менеджер,Middle,2020-12-12,173380.53,Высшее,Уволен
379,Капустина,Агафья,Данилович,Female,35,Analytics,Продукт менеджер,Senior,2023-01-14,394712.76,Высшее,Активен
380,Капустина,Валентина,Игоревич,Female,57,Analytics,Системный инженер,Junior,2016-06-29,113023.03,Магистратура,Активен
381,Карпов,Леонид,Феликсович,Male,25,Data,Продукт менеджер,Стажер,2018-03-21,81168.25,Высшее,Уволен
382,Карпова,Касьян,Артурович,Female,30,Data,Системный аналитик,Middle,2015-02-03,174065.25,Высшее,Уволен
383,Карпова,Ирина,Наумовна,Female,40,Analytics,Системный инженер,Senior,2015-05-18,378697.88,Магистратура,Уволен
384,Кириллова,Лучезар,Наумовна,Female,29,IT,Проект менеджер,Senior,2015-09-18,253330.12,Среднее специальное,Уволен
385,Кириллова,Святополк,Васильевич,Male,54,IT,Разработчик баз данных,Junior,2017-05-16,117603.48,Среднее специальное,Уволен
386,Кириллова,Иннокентий,Игоревич,Female,51,Data,Продуктовый аналитик,Стажер,2020-05-17,82535.69,Среднее специальное,Активен
387,Кириллова,Лора,Валентиновна,Male,23,Product,Системный инженер,Lead,2024-05-09,400545.81,Высшее,Активен
388,Кириллова,Фадей,Ефимьевич,Male,25,Analytics,Проект менеджер,Lead,2020-10-09,540769.93,Магистратура,Уволен
389,Киселев,Фирс,Фадеевич,Female,33,IT,Разработчик баз данных,Senior,2020-09-13,376599.12,Высшее,Уволен
390,Киселева,Иларион,Ивановна,Male,32,IT,Разработчик баз данных,Middle,2020-01-12,230137.23,Среднее специальное,Активен
391,Киселева,Родион,Кузьминична,Male,24,Data,Системный аналитик,Middle,2017-09-27,282171.28,Высшее,Активен
392,Князев,Константин,Эдгардович,Female,36,IT,Разработчик баз данных,Junior,2015-03-15,146824.08,Магистратура,Активен
393,Князев,Назар,Макаровна,Female,33,IT,Тестировщик,Junior,2015-11-30,148795.71,Магистратура,Активен
394,Князев,Глафира,Филатович,Male,24,Analytics,Системный аналитик,Middle,2015-05-29,189990.42,Среднее специальное,Активен
395,Князева,Дорофей,Ильич,Female,36,Data,Разработчик систем,Lead,2024-06-19,507553.95,Среднее специальное,Уволен
396,Князева,Гедеон,Валерианович,Male,24,IT,Системный инженер,Senior,2022-10-03,264645.1,Высшее,Уволен
397,Князева,Болеслав,Артёмович,Female,58,Product,Системный инженер,Стажер,2015-05-25,89529.98,Магистратура,Активен
398,Ковалев,Аркадий,Афанасьевна,Male,43,Product,Системный аналитик,Стажер,2024-04-15,81079.3,Высшее,Активен
399,Ковалева,Венедикт,Аверьянович,Male,40,IT,Системный инженер,Стажер,2017-07-05,84561.47,Магистратура,Активен
400,Ковалева,Амвросий,Данилович,Female,59,IT,Тестировщик,Lead,2015-07-15,502289.64,Магистратура,Уволен
401,Ковалева,Парамон,Робертовна,Male,56,Analytics,Продукт менеджер,Senior,2020-07-07,356962.75,Среднее специальное,Активен
402,Козлов,Прокл,Евсеевич,Male,31,Product,Системный инженер,Lead,2018-07-27,480194.66,Высшее,Уволен
403,Козлов,Фортунат,Бориславович,Female,57,Product,Бизнес аналитик,Стажер,2020-06-09,117629.43,Высшее,Уволен
404,Козлов,Спиридон,Игоревич,Female,59,IT,Аналитик данных,Junior,2023-03-08,139073.27,Среднее специальное,Уволен
405,Козлов,Евфросиния,Евсеевич,Female,48,Data,Системный аналитик,Стажер,2019-06-04,118557.03,Среднее специальное,Активен
406,Козлова,Игнатий,Григорьевич,Male,41,Data,Аналитик данных,Senior,2020-06-08,365835.42,Магистратура,Активен
407,Козлова,Макар,Фролович,Male,31,Data,Разработчик систем,Lead,2024-03-10,559712.26,Высшее,Уволен
408,Козлова,Вадим,Руслановна,Male,34,Analytics,Продуктовый аналитик,Middle,2023-12-01,291517.35,Магистратура,Уволен
409,Козлова,Николай,Рубеновна,Male,34,Analytics,Системный аналитик,Middle,2017-08-04,263512.54,Среднее специальное,Активен
410,Козлова,Фортунат,Игоревич,Female,47,Analytics,Разработчик систем,Junior,2019-08-24,103132.7,Магистратура,Уволен
411,Козлова,Гаврила,Тимофеевна,Female,24,Product,Разработчик баз данных,Senior,2017-05-10,318562.14,Магистратура,Уволен
412,Колесников,Андрон,Ааронович,Female,26,Analytics,Системный инженер,Стажер,2020-12-01,98391.6,Магистратура,Активен
413,Колесников,Рубен,Федосеевич,Male,29,Product,Системный инженер,Junior,2022-01-29,112700.54,Среднее специальное,Уволен
414,Колесников,Феликс,Мироновна,Male,44,Analytics,Продукт менеджер,Стажер,2020-08-06,85553.8,Среднее специальное,Активен
415,Колесников,Федор,Арсенович,Female,58,Analytics,Разработчик систем,Senior,2015-11-14,296811.82,Высшее,Уволен
416,Колесникова,Людмила,Даниловна,Male,49,Data,Бизнес аналитик,Стажер,2021-09-30,111935.13,Среднее специальное,Активен
417,Колесникова,Лонгин,Харлампьевич,Female,60,IT,Продуктовый аналитик,Стажер,2021-04-28,104339.59,Среднее специальное,Активен
418,Колесникова,Агата,Харитонович,Female,52,Analytics,Бизнес аналитик,Junior,2018-08-03,130189.17,Магистратура,Уволен
419,Комаров,Панкратий,Гавриилович,Female,33,IT,Бизнес аналитик,Стажер,2015-12-08,99374.34,Высшее,Активен
420,Комиссаров,Денис,Анатольевич,Male,37,Product,Аналитик данных,Junior,2015-01-07,101569.23,Магистратура,Уволен
421,Комиссаров,Галактион,Валерьянович,Female,51,Analytics,Аналитик данных,Senior,2023-07-15,311872.5,Магистратура,Активен
422,Комиссаров,Ефим,Денисович,Male,37,Product,Проект менеджер,Senior,2022-11-11,398770.55,Высшее,Уволен
423,Комиссаров,Святополк,Феофанович,Male,26,IT,Системный аналитик,Middle,2020-10-12,231212.94,Высшее,Активен
424,Комиссарова,Афанасий,Викторович,Female,41,Analytics,Проект менеджер,Стажер,2017-12-22,83259.51,Среднее специальное,Активен
425,Комиссарова,Вышеслав,Валерьевич,Female,33,IT,Разработчик баз данных,Junior,2015-12-08,145703.19,Магистратура,Уволен
426,Кондратьев,Соломон,Эдуардовна,Female,23,Data,Системный аналитик,Middle,2016-09-01,264068.27,Магистратура,Активен
427,Кондратьев,Виктория,Игнатьевич,Male,29,Product,Разработчик баз данных,Lead,2023-10-01,706565.66,Магистратура,Активен
428,Кондратьева,Евсей,Елизарович,Female,30,Data,Тестировщик,Senior,2015-03-11,348155.88,Высшее,Уволен
429,Кондратьева,Венедикт,Иларионович,Male,32,IT,Тестировщик,Lead,2020-09-05,542938.42,Магистратура,Активен
430,Кондратьева,Валентин,Даниилович,Male,31,Analytics,Разработчик баз данных,Lead,2020-01-17,556584.47,Магистратура,Уволен
431,Кондратьева,Клавдия,Павловна,Female,37,IT,Проект менеджер,Middle,2018-12-01,170333.0,Среднее специальное,Уволен
432,Коновалов,Ирина,Эдуардовна,Female,27,Product,Тестировщик,Senior,2019-05-15,304359.02,Высшее,Уволен
433,Коновалов,Ананий,Ефремович,Male,35,IT,Системный инженер,Lead,2015-11-04,615880.88,Среднее специальное,Активен
434,Коновалов,Валентин,Адрианович,Female,30,IT,Проект менеджер,Junior,2023-11-23,144468.81,Высшее,Уволен
435,Коновалова,Ипатий,Евстигнеевич,Female,49,Analytics,Продукт менеджер,Lead,2021-09-21,568592.68,Магистратура,Уволен
436,Кононова,Елизар,Григорьевна,Female,23,Product,Продуктовый аналитик,Lead,2022-05-19,675987.91,Магистратура,Активен
437,Кононова,Валерия,Дмитриевна,Male,34,IT,Системный инженер,Junior,2019-08-23,123113.61,Магистратура,Уволен
438,Константинов,Боян,Святославовна,Female,58,IT,Аналитик данных,Стажер,2019-10-15,95646.63,Среднее специальное,Активен
439,Константинова,Виктор,Матвеевна,Male,49,Product,Продуктовый аналитик,Стажер,2020-06-06,108823.35,Высшее,Активен
440,Константинова,Ермил,Афанасьевна,Male,55,IT,Системный аналитик,Lead,2020-01-04,573407.65,Среднее специальное,Активен
441,Копылов,Харлампий,Ивановна,Female,39,Analytics,Системный инженер,Lead,2021-05-11,781596.73,Среднее специальное,Уволен
442,Копылов,Ираклий,Дмитриевна,Female,48,Product,Проект менеджер,Стажер,2020-10-18,106659.09,Магистратура,Уволен
443,Копылов,Мартын,Устинович,Female,41,Data,Бизнес аналитик,Junior,2019-11-25,109004.56,Среднее специальное,Уволен
444,Копылов,Борислав,Викторовна,Female,25,Analytics,Разработчик баз данных,Senior,2019-02-14,382247.17,Высшее,Активен
445,Копылова,Гордей,Петровна,Female,46,IT,Проект менеджер,Senior,2015-02-11,330341.98,Магистратура,Уволен
446,Копылова,Порфирий,Харитонович,Male,48,IT,Продуктовый аналитик,Senior,2017-10-26,322612.03,Магистратура,Уволен
447,Корнилов,Раиса,Федосеевич,Male,26,IT,Продукт менеджер,Junior,2022-08-17,128553.82,Высшее,Уволен
448,Корнилов,Ефрем,Якубович,Female,32,Data,Тестировщик,Middle,2018-12-18,271489.96,Высшее,Уволен
449,Корнилов,Нифонт,Аркадьевна,Female,27,Product,Продуктовый аналитик,Middle,2018-06-18,232878.23,Высшее,Уволен
450,Королев,Соломон,Валентиновна,Male,45,Data,Тестировщик,Junior,2017-01-26,136173.12,Высшее,Уволен
451,Королев,Сигизмунд,Анисимович,Male,42,Data,Продуктовый аналитик,Senior,2018-03-16,283511.71,Магистратура,Активен
452,Королева,Ладимир,Вилорович,Female,31,Product,Системный инженер,Senior,2021-10-29,371046.19,Высшее,Уволен
453,Королева,Тимур,Тарасович,Male,47,IT,Системный инженер,Junior,2022-07-19,136899.43,Высшее,Уволен
454,Костин,Ким,Харитонович,Male,38,Analytics,Продукт менеджер,Junior,2015-06-18,105756.83,Магистратура,Уволен
455,Костин,Архип,Ефстафьевич,Female,32,Data,Системный аналитик,Lead,2018-11-28,628076.17,Среднее специальное,Уволен
456,Костин,Кир,Матвеевна,Female,58,Product,Продуктовый аналитик,Lead,2024-05-02,419058.45,Магистратура,Активен
457,Костина,Лора,Арсеньевич,Male,57,Analytics,Системный аналитик,Lead,2015-02-01,460661.4,Среднее специальное,Уволен
458,Костина,Ростислав,Зиновьевич,Male,49,Data,Системный инженер,Middle,2020-02-04,162882.44,Магистратура,Активен
459,Костина,Леонид,Александровна,Male,57,Analytics,Разработчик систем,Middle,2023-03-01,164766.02,Высшее,Активен
460,Костина,Прокл,Владиславович,Male,28,Product,Бизнес аналитик,Middle,2018-03-26,151080.42,Высшее,Уволен
461,Котов,Агап,Брониславович,Female,50,Analytics,Разработчик систем,Middle,2019-12-31,267053.94,Среднее специальное,Активен
462,Кошелев,Елизавета,Степановна,Male,29,Data,Аналитик данных,Junior,2020-12-02,114916.28,Среднее специальное,Уволен
463,Кошелев,Доброслав,Аверьянович,Female,30,Product,Бизнес аналитик,Стажер,2022-03-22,96555.13,Среднее специальное,Активен
464,Кошелев,Наркис,Эдгарович,Female,25,Product,Разработчик баз данных,Middle,2020-01-16,289651.69,Высшее,Активен
465,Кошелев,Селиверст,Яковлевич,Male,26,IT,Бизнес аналитик,Middle,2017-02-24,243906.97,Среднее специальное,Уволен
466,Кошелев,Петр,Васильевна,Female,32,Product,Разработчик систем,Lead,2019-07-09,726600.27,Среднее специальное,Уволен
467,Кошелева,Панкрат,Юрьевна,Male,38,IT,Разработчик баз данных,Lead,2022-12-14,456707.82,Высшее,Активен
468,Красильников,Чеслав,Алексеевич,Male,25,Product,Системный аналитик,Senior,2018-03-12,269205.12,Высшее,Активен
469,Красильникова,Клавдий,Давидович,Male,49,Data,Системный аналитик,Junior,2015-11-25,100791.54,Магистратура,Уволен
470,Красильникова,Адам,Геннадиевич,Male,57,IT,Системный инженер,Middle,2024-09-12,158276.81,Высшее,Уволен
471,Крылов,Филипп,Богданович,Male,34,Analytics,Продукт менеджер,Lead,2022-08-30,477297.25,Магистратура,Активен
472,Крылов,Всеслав,Аксёнович,Male,22,IT,Аналитик данных,Junior,2020-08-11,101263.33,Среднее специальное,Уволен
473,Крылов,Андрон,Арсеньевич,Female,44,IT,Системный аналитик,Senior,2023-01-29,309684.91,Среднее специальное,Уволен
474,Крылова,Пелагея,Святославовна,Male,35,Data,Аналитик данных,Junior,2018-04-04,124283.04,Магистратура,Активен
475,Крылова,Арефий,Бориславович,Female,34,Analytics,Тестировщик,Middle,2016-10-08,151693.81,Магистратура,Активен
476,Крылова,Викентий,Анатольевна,Female,37,Data,Продукт менеджер,Junior,2022-07-15,142183.4,Высшее,Уволен
477,Крюков,Изяслав,Афанасьевна,Male,44,Analytics,Продукт менеджер,Junior,2018-08-07,106666.92,Высшее,Уволен
478,Крюкова,Ульяна,Иосипович,Female,39,IT,Разработчик систем,Middle,2024-07-23,240712.67,Среднее специальное,Уволен
479,Крюкова,Феликс,Афанасьевна,Male,27,Product,Системный аналитик,Senior,2016-09-18,254857.26,Среднее специальное,Активен
480,Крюкова,Ермолай,Ильинична,Male,59,Data,Продукт менеджер,Junior,2015-07-05,130934.4,Высшее,Активен
481,Кудрявцев,Лора,Богдановна,Male,42,IT,Продуктовый аналитик,Senior,2017-02-03,320627.77,Высшее,Активен
482,Кудрявцев,Парамон,Никифоровна,Female,58,IT,Системный инженер,Middle,2016-02-18,173537.24,Высшее,Уволен
483,Кудрявцев,Татьяна,Денисович,Male,23,Analytics,Разработчик баз данных,Lead,2017-07-26,512843.83,Высшее,Уволен
484,Кудрявцева,Варлаам,Борисович,Male,59,Product,Продуктовый аналитик,Middle,2020-07-01,220439.49,Среднее специальное,Активен
485,Кудрявцева,Всеволод,Феликсовна,Female,58,Data,Аналитик данных,Стажер,2016-02-12,113171.68,Среднее специальное,Уволен
486,Кудрявцева,Нестор,Владиславовна,Male,49,Analytics,Разработчик систем,Junior,2024-03-06,132081.41,Высшее,Активен
487,Кудрявцева,Анжелика,Филатович,Male,60,Data,Аналитик данных,Junior,2023-01-24,148253.24,Высшее,Активен
488,Кудрявцева,Галина,Викторовна,Male,27,Data,Системный инженер,Lead,2020-02-13,455960.78,Магистратура,Активен
489,Кудряшов,Арсений,Демьянович,Male,41,Product,Тестировщик,Стажер,2016-04-10,118133.05,Магистратура,Активен
490,Кудряшова,Акулина,Феликсовна,Female,24,Data,Разработчик систем,Junior,2019-07-06,128511.26,Высшее,Уволен
491,Кудряшова,Симон,Богдановна,Male,30,Analytics,Продукт менеджер,Стажер,2020-07-21,83560.15,Высшее,Уволен
492,Кузнецов,Ираида,Брониславович,Male,58,IT,Разработчик систем,Стажер,2020-04-12,84508.72,Высшее,Уволен
493,Кузнецов,Евстигней,Ефимович,Male,36,IT,Проект менеджер,Middle,2014-11-19,235291.93,Магистратура,Уволен
494,Кузнецов,Евграф,Егорович,Male,54,Product,Разработчик баз данных,Middle,2016-12-02,245623.6,Магистратура,Активен
495,Кузнецов,Игорь,Натановна,Female,36,Data,Разработчик систем,Senior,2022-09-27,322768.08,Среднее специальное,Уволен
496,Кузнецов,Рубен,Антипович,Female,44,Analytics,Разработчик систем,Стажер,2019-09-23,104236.27,Магистратура,Активен
497,Кузнецов,Спиридон,Егорович,Male,50,Analytics,Бизнес аналитик,Lead,2018-10-17,516717.1,Среднее специальное,Активен
498,Кузнецова,Любосмысл,Егорович,Male,46,Data,Разработчик систем,Senior,2018-02-07,295438.79,Среднее специальное,Уволен
499,Кузнецова,Алевтина,Ефимовна,Male,42,Data,Разработчик систем,Middle,2019-01-14,232893.91,Среднее специальное,Уволен
500,Кузнецова,Наркис,Еремеевич,Female,51,Analytics,Продуктовый аналитик,Стажер,2015-12-03,110956.28,Среднее специальное,Активен
501,Кузнецова,Варвара,Жанович,Female,46,Data,Аналитик данных,Стажер,2017-10-20,106566.91,Магистратура,Уволен
502,Кузнецова,Вера,Фролович,Male,54,Data,Бизнес аналитик,Senior,2021-05-18,264488.96,Магистратура,Уволен
503,Кузьмин,Евфросиния,Венедиктович,Male,47,IT,Системный инженер,Junior,2021-10-06,117961.12,Магистратура,Уволен
504,Кузьмина,Юрий,Ерофеевич,Female,35,Data,Разработчик баз данных,Lead,2019-04-15,775841.08,Магистратура,Активен
505,Кузьмина,Семен,Аркадьевна,Male,47,Product,Системный инженер,Стажер,2022-12-02,90476.81,Среднее специальное,Уволен
506,Кулаков,Амвросий,Эдуардович,Female,54,IT,Разработчик систем,Стажер,2023-06-04,109825.74,Высшее,Уволен
507,Кулакова,Наталья,Юльевна,Male,47,IT,Системный инженер,Senior,2023-09-21,298913.69,Среднее специальное,Активен
508,Кулакова,Мирослав,Феофанович,Female,28,IT,Аналитик данных,Стажер,2022-06-30,90566.78,Высшее,Активен
509,Куликова,Святополк,Юльевич,Male,29,Data,Аналитик данных,Junior,2017-05-16,143092.99,Среднее специальное,Активен
510,Куликова,Никандр,Анатольевна,Male,54,Analytics,Проект менеджер,Senior,2021-08-14,273341.03,Магистратура,Уволен
511,Куликова,Регина,Анатольевич,Female,36,Product,Бизнес аналитик,Стажер,2023-03-21,85128.15,Высшее,Уволен
512,Лаврентьев,Елена,Фадеевич,Male,25,IT,Тестировщик,Lead,2024-07-29,570171.79,Среднее специальное,Уволен
513,Лаврентьев,Арефий,Леонидовна,Male,49,IT,Тестировщик,Middle,2015-09-11,246403.2,Среднее специальное,Уволен
514,Лаврентьев,Леон,Вадимовна,Male,57,Data,Аналитик данных,Стажер,2022-12-03,102341.06,Среднее специальное,Уволен
515,Лаврентьев,Лора,Кузьминична,Female,24,Analytics,Бизнес аналитик,Lead,2023-12-17,654135.33,Магистратура,Уволен
516,Лаврентьева,Фрол,Вячеславович,Male,44,Data,Бизнес аналитик,Junior,2015-03-25,146269.41,Магистратура,Активен
517,Лазарев,Никандр,Якубович,Female,30,Analytics,Бизнес аналитик,Senior,2019-03-15,313803.88,Среднее специальное,Уволен
518,Лазарев,Эрнст,Олеговна,Female,42,Data,Системный аналитик,Senior,2018-12-13,257836.78,Высшее,Уволен
519,Лазарева,Петр,Димитриевич,Male,55,Data,Разработчик баз данных,Middle,2016-03-16,257366.02,Среднее специальное,Уволен
520,Ларионов,Владилен,Валентинович,Female,22,Data,Разработчик систем,Senior,2016-03-14,286199.43,Магистратура,Уволен
521,Ларионов,Мокей,Филиппович,Male,30,Analytics,Системный аналитик,Lead,2020-09-21,429270.6,Магистратура,Активен
522,Ларионова,Варфоломей,Ефимовна,Male,39,Product,Разработчик систем,Lead,2017-01-05,729826.45,Среднее специальное,Активен
523,Ларионова,Якуб,Феликсовна,Male,58,Product,Разработчик систем,Senior,2017-03-18,278323.14,Магистратура,Активен
524,Ларионова,Ермил,Тимуровна,Female,24,Product,Разработчик баз данных,Junior,2021-09-27,110647.57,Магистратура,Активен
525,Ларионова,Серафим,Александровна,Male,57,Product,Системный аналитик,Senior,2023-06-05,382083.74,Среднее специальное,Активен
526,Ларионова,Афанасий,Филипповна,Female,32,Analytics,Тестировщик,Lead,2023-11-06,599870.87,Среднее специальное,Активен
527,Лебедев,Милован,Петровна,Female,42,Data,Тестировщик,Middle,2017-08-29,190386.25,Магистратура,Активен
528,Лебедев,Фирс,Ефимьевич,Female,39,Product,Разработчик баз данных,Стажер,2021-11-16,86795.78,Высшее,Активен
529,Лебедев,Савва,Еремеевич,Male,47,Product,Проект менеджер,Стажер,2015-01-07,119526.86,Высшее,Активен
530,Лебедева,Виктория,Антоновна,Female,45,Product,Проект менеджер,Middle,2022-05-25,239881.99,Высшее,Уволен
531,Лихачев,Иннокентий,Аверьянович,Female,59,IT,Аналитик данных,Middle,2019-09-26,257339.77,Высшее,Активен
532,Лихачева,Амвросий,Брониславович,Female,38,Product,Разработчик баз данных,Lead,2020-04-09,412928.35,Среднее специальное,Уволен
533,Лихачева,Сергей,Германович,Female,31,Analytics,Системный аналитик,Middle,2019-07-12,243832.02,Магистратура,Активен
534,Лихачева,Мир,Ярославович,Female,26,Product,Проект менеджер,Стажер,2015-05-05,103989.82,Высшее,Уволен
535,Лихачева,Герасим,Гордеевич,Male,37,IT,Разработчик систем,Lead,2024-05-03,600104.81,Магистратура,Уволен
536,Лобанова,Надежда,Матвеевич,Female,28,Analytics,Тестировщик,Стажер,2017-12-21,83762.29,Магистратура,Уволен
537,Лобанова,Борислав,Жанович,Female,46,IT,Аналитик данных,Junior,2018-06-12,138203.63,Среднее специальное,Уволен
538,Логинов,Селиверст,Макаровна,Male,29,IT,Разработчик баз данных,Senior,2023-10-12,271118.91,Магистратура,Активен
539,Логинова,Лариса,Якубович,Female,32,IT,Аналитик данных,Junior,2023-02-23,131910.19,Высшее,Активен
540,Лукин,Устин,Юльевич,Female,54,Product,Бизнес аналитик,Middle,2017-03-05,182242.61,Высшее,Активен
541,Лукин,Феликс,Владимировна,Female,59,Analytics,Тестировщик,Lead,2019-08-03,550961.03,Магистратура,Уволен
542,Лукина,Лука,Эдуардовна,Male,30,IT,Проект менеджер,Middle,2018-12-11,282018.77,Среднее специальное,Активен
543,Лукина,Ростислав,Дмитриевич,Female,42,Data,Продукт менеджер,Junior,2024-02-02,137216.02,Среднее специальное,Уволен
544,Лыткин,Демьян,Даниловна,Female,57,IT,Продуктовый аналитик,Senior,2022-06-15,274464.27,Среднее специальное,Уволен
545,Лыткин,Терентий,Иларионович,Female,42,Analytics,Продуктовый аналитик,Junior,2019-07-22,105030.55,Высшее,Активен
546,Лыткина,Аверьян,Владиленович,Male,40,Analytics,Разработчик баз данных,Стажер,2022-01-18,119596.05,Магистратура,Активен
547,Макаров,Казимир,Даниилович,Male,36,Product,Аналитик данных,Senior,2023-07-03,354507.24,Магистратура,Активен
548,Макаров,Бронислав,Рудольфовна,Female,42,Product,Разработчик баз данных,Junior,2022-02-17,140641.08,Высшее,Уволен
549,Макарова,Ладислав,Валентиновна,Female,36,IT,Тестировщик,Middle,2018-02-07,230246.92,Высшее,Уволен
550,Макарова,Кирилл,Ильясович,Male,48,Product,Разработчик систем,Junior,2022-05-08,122757.23,Магистратура,Уволен
551,Макарова,Вадим,Леоновна,Female,48,IT,Проект менеджер,Middle,2017-05-13,180685.38,Среднее специальное,Активен
552,Макарова,Харитон,Харламович,Female,40,Data,Системный инженер,Junior,2023-10-18,117808.08,Магистратура,Активен
553,Максимов,Платон,Николаевна,Male,35,Data,Продукт менеджер,Middle,2024-01-22,197832.49,Среднее специальное,Активен
554,Максимов,Роман,Захаровна,Female,38,Analytics,Проект менеджер,Lead,2023-11-22,471624.28,Высшее,Активен
555,Мамонтова,Афанасий,Фокич,Female,24,Analytics,Разработчик баз данных,Junior,2017-08-10,106522.63,Высшее,Активен
556,Мамонтова,Всеслав,Дмитриевич,Male,33,IT,Разработчик баз данных,Middle,2019-01-23,155896.27,Высшее,Уволен
557,Марков,Януарий,Евгеньевна,Female,60,Analytics,Разработчик баз данных,Lead,2016-10-08,757109.42,Магистратура,Уволен
558,Марков,Нонна,Владиславовна,Male,46,Data,Тестировщик,Lead,2023-03-12,445473.39,Среднее специальное,Активен
559,Маркова,Эрнст,Натановна,Female,45,Product,Разработчик баз данных,Стажер,2015-02-03,92769.61,Магистратура,Активен
560,Маркова,Селиван,Брониславович,Female,41,Data,Бизнес аналитик,Junior,2023-12-31,131252.72,Высшее,Уволен
561,Мартынов,Фрол,Наумовна,Male,33,IT,Системный инженер,Middle,2016-01-05,208004.36,Высшее,Уволен
562,Мартынов,Евдоким,Игоревна,Female,45,Product,Продуктовый аналитик,Junior,2020-08-01,137095.19,Среднее специальное,Уволен
563,Мартынов,Ананий,Рубеновна,Male,35,IT,Бизнес аналитик,Lead,2023-01-06,609850.54,Высшее,Активен
564,Мартынов,Варвара,Марсович,Male,49,IT,Тестировщик,Middle,2021-12-09,264156.82,Среднее специальное,Уволен
565,Мартынова,Савва,Ефимовна,Male,53,Analytics,Продуктовый аналитик,Middle,2020-05-31,280401.26,Высшее,Активен
566,Мартынова,Элеонора,Антонович,Female,53,Analytics,Системный аналитик,Lead,2023-07-14,438730.52,Высшее,Активен
567,Маслов,Милий,Евстигнеевич,Male,27,Data,Продукт менеджер,Senior,2021-12-26,363755.3,Среднее специальное,Уволен
568,Маслов,Ольга,Сергеевна,Male,30,Data,Разработчик систем,Middle,2017-06-16,259199.71,Высшее,Активен
569,Маслова,Филипп,Ильясович,Male,60,Analytics,Разработчик баз данных,Junior,2020-12-14,124137.18,Высшее,Активен
570,Маслова,Автоном,Григорьевич,Male,54,Data,Аналитик данных,Junior,2018-05-12,145376.59,Среднее специальное,Активен
571,Маслова,Аким,Ааронович,Male,59,Analytics,Разработчик систем,Стажер,2018-12-14,104500.43,Магистратура,Уволен
572,Матвеев,Эдуард,Владиславовна,Female,56,Product,Разработчик баз данных,Стажер,2015-09-09,87920.08,Высшее,Уволен
573,Матвеева,Денис,Владиславовна,Female,31,Product,Проект менеджер,Senior,2023-07-15,255604.75,Высшее,Активен
574,Медведев,Матвей,Антонович,Female,34,Analytics,Тестировщик,Middle,2022-02-26,152456.65,Магистратура,Активен
575,Медведева,Карл,Альбертовна,Male,47,Analytics,Продукт менеджер,Стажер,2022-05-05,108961.03,Магистратура,Активен
576,Медведева,Кир,Артёмович,Female,49,Analytics,Разработчик баз данных,Junior,2022-02-10,113256.36,Среднее специальное,Активен
577,Медведева,Артем,Викторовна,Female,37,IT,Системный аналитик,Lead,2023-04-11,462205.41,Высшее,Уволен
578,Медведева,Иосиф,Гаврилович,Male,52,Data,Проект менеджер,Middle,2022-10-12,210322.41,Магистратура,Уволен
579,Медведева,Елисей,Фролович,Female,54,Product,Продуктовый аналитик,Lead,2022-07-14,715528.64,Магистратура,Активен
580,Мельников,Климент,Юлианович,Male,32,Product,Продукт менеджер,Junior,2016-05-23,136988.28,Магистратура,Уволен
581,Мельникова,Михаил,Артурович,Male,57,Product,Проект менеджер,Junior,2018-04-04,149112.87,Высшее,Активен
582,Меркушев,Дмитрий,Викторович,Male,50,Data,Тестировщик,Senior,2015-03-07,306773.56,Среднее специальное,Активен
583,Меркушева,Всеслав,Германович,Male,36,Data,Системный аналитик,Senior,2018-11-17,365814.44,Среднее специальное,Активен
584,Меркушева,Агафон,Марсович,Female,31,Data,Проект менеджер,Senior,2021-07-26,257111.25,Высшее,Уволен
585,Меркушева,Стоян,Феоктистович,Male,57,IT,Аналитик данных,Middle,2022-09-11,297270.5,Высшее,Уволен
586,Меркушева,Любовь,Валерьянович,Female,58,Data,Проект менеджер,Lead,2020-02-02,610010.74,Высшее,Уволен
587,Миронов,Сильвестр,Данилович,Male,46,Data,Системный инженер,Lead,2023-05-14,453712.73,Магистратура,Уволен
588,Миронова,Юлиан,Фадеевич,Male,44,Data,Системный инженер,Стажер,2023-05-09,83103.62,Высшее,Уволен
589,Миронова,Семен,Афанасьевич,Male,37,IT,Проект менеджер,Lead,2020-06-28,763507.87,Высшее,Активен
590,Миронова,Прокл,Давыдович,Male,49,Product,Системный аналитик,Lead,2019-02-24,545177.57,Среднее специальное,Уволен
591,Миронова,Милован,Трифонович,Female,47,Product,Продуктовый аналитик,Стажер,2015-09-28,118756.32,Магистратура,Активен
592,Михайлов,Бажен,Дорофеевич,Male,47,IT,Продукт менеджер,Junior,2022-03-11,129546.92,Высшее,Активен
593,Михайлов,Мартын,Валентинович,Male,31,IT,Проект менеджер,Junior,2019-02-09,138160.88,Среднее специальное,Активен
594,Михайлов,Бронислав,Захаровна,Female,57,Product,Аналитик данных,Middle,2020-12-30,236322.46,Среднее специальное,Уволен
595,Михайлов,Кондрат,Ефимович,Female,47,IT,Проект менеджер,Junior,2015-04-01,123148.95,Среднее специальное,Активен
596,Михайлова,Терентий,Даниилович,Male,30,Analytics,Системный аналитик,Стажер,2018-12-05,102063.82,Среднее специальное,Уволен
597,Михеев,Геннадий,Иосипович,Female,58,Analytics,Тестировщик,Middle,2018-04-08,241123.56,Высшее,Активен
598,Михеева,Ефрем,Вениаминовна,Male,22,IT,Бизнес аналитик,Lead,2017-06-02,570292.79,Магистратура,Уволен
599,Михеева,Аскольд,Филатович,Male,28,Product,Проект менеджер,Стажер,2015-12-29,119935.33,Магистратура,Уволен
600,Михеева,Милен,Аскольдовна,Male,56,IT,Продуктовый аналитик,Стажер,2023-07-17,80716.57,Среднее специальное,Уволен
601,Михеева,Авдей,Петровна,Female,23,Product,Проект менеджер,Middle,2016-11-13,264909.33,Среднее специальное,Активен
602,Мишина,Мефодий,Кузьминична,Male,40,Analytics,Проект менеджер,Senior,2018-03-09,305780.36,Среднее специальное,Активен
603,Моисеев,Константин,Иосифович,Male,50,Data,Аналитик данных,Middle,2024-06-16,220353.73,Среднее специальное,Активен
604,Моисеев,Павел,Артёмович,Female,40,Analytics,Разработчик баз данных,Junior,2017-02-19,129045.51,Высшее,Уволен
605,Молчанова,Радим,Валентинович,Male,40,IT,Системный инженер,Junior,2015-03-09,123408.62,Высшее,Активен
606,Молчанова,Ким,Харитоновна,Male,51,Product,Системный аналитик,Junior,2016-09-14,106113.75,Высшее,Уволен
607,Молчанова,Моисей,Федосьевич,Female,50,IT,Системный аналитик,Lead,2017-03-24,555769.62,Среднее специальное,Активен
608,Морозова,Борис,Натановна,Male,30,Product,Бизнес аналитик,Lead,2015-10-10,703028.27,Среднее специальное,Активен
609,Муравьев,Евграф,Феликсович,Female,59,Analytics,Аналитик данных,Middle,2015-04-18,232543.6,Среднее специальное,Активен
610,Муравьев,Лариса,Оскаровна,Female,59,Product,Проект менеджер,Junior,2017-10-06,102888.45,Высшее,Уволен
611,Мухин,Самсон,Геннадиевич,Female,42,Analytics,Продуктовый аналитик,Junior,2017-09-28,105259.16,Высшее,Активен
612,Мухин,Спиридон,Фролович,Male,40,Product,Бизнес аналитик,Lead,2021-01-06,644083.64,Среднее специальное,Активен
613,Мухин,Вероника,Валерьянович,Female,36,IT,Продукт менеджер,Middle,2024-05-11,179406.09,Магистратура,Уволен
614,Мухина,Пимен,Юльевна,Female,48,Analytics,Продукт менеджер,Lead,2014-12-20,649161.84,Высшее,Активен
615,Мухина,Вацлав,Еремеевич,Male,57,Product,Тестировщик,Junior,2018-07-22,148235.19,Магистратура,Уволен
616,Мухина,Исидор,Ильясович,Male,39,Data,Тестировщик,Junior,2021-04-11,111473.91,Магистратура,Активен
617,Мясникова,Дарья,Ермилович,Female,35,Analytics,Продуктовый аналитик,Middle,2023-04-13,270386.02,Высшее,Активен
618,Мясникова,Викторин,Данилович,Female,28,Product,Продуктовый аналитик,Lead,2018-01-14,519488.28,Магистратура,Активен
619,Мясникова,Архип,Геннадиевич,Female,48,Analytics,Системный аналитик,Lead,2023-07-09,446225.51,Магистратура,Активен
620,Назаров,Сократ,Кирилловна,Male,26,Data,Разработчик систем,Стажер,2020-10-13,104345.29,Магистратура,Уволен
621,Назаров,Мариан,Леоновна,Female,36,Data,Аналитик данных,Lead,2020-04-29,607746.67,Высшее,Уволен
622,Наумов,Глафира,Ермолаевич,Male,33,IT,Бизнес аналитик,Senior,2021-01-12,323317.74,Среднее специальное,Уволен
623,Наумов,Мокей,Антоновна,Male,23,Data,Системный инженер,Стажер,2018-03-15,91357.39,Высшее,Уволен
624,Наумова,Дарья,Федотович,Female,27,IT,Тестировщик,Lead,2019-05-07,550430.99,Высшее,Активен
625,Наумова,Евдоким,Феликсович,Female,34,Product,Системный аналитик,Lead,2019-11-08,786800.26,Среднее специальное,Уволен
626,Наумова,Мариан,Александровна,Male,22,Analytics,Тестировщик,Senior,2017-04-08,384509.36,Высшее,Уволен
627,Некрасов,Пелагея,Вячеславович,Male,42,Product,Проект менеджер,Стажер,2016-02-25,117485.78,Среднее специальное,Уволен
628,Некрасов,Пантелеймон,Эльдаровна,Male,35,Product,Аналитик данных,Senior,2021-09-16,320352.06,Магистратура,Уволен
629,Некрасова,Любосмысл,Гаврилович,Female,41,Analytics,Системный аналитик,Senior,2019-03-16,380070.62,Магистратура,Активен
630,Нестеров,Анастасия,Егорович,Female,39,IT,Системный аналитик,Junior,2018-05-07,121073.27,Среднее специальное,Активен
631,Нестерова,Никон,Филимонович,Male,26,Analytics,Продуктовый аналитик,Junior,2017-03-08,109457.0,Среднее специальное,Активен
632,Нестерова,Захар,Харитоновна,Female,37,Data,Разработчик баз данных,Junior,2018-02-22,103059.09,Среднее специальное,Уволен
633,Никитин,Платон,Гаврилович,Male,22,Product,Продукт менеджер,Middle,2022-07-01,285651.72,Среднее специальное,Уволен
634,Никитин,Серафим,Всеволодович,Male,49,Product,Бизнес аналитик,Senior,2015-05-10,319285.65,Высшее,Уволен
635,Никитин,Ульяна,Вячеславовна,Female,55,IT,Проект менеджер,Junior,2020-05-09,134266.66,Среднее специальное,Активен
636,Никитина,Валерий,Жоресович,Male,30,Product,Разработчик систем,Junior,2020-12-04,132471.61,Высшее,Уволен
637,Никифоров,Сократ,Теймуразович,Female,36,Product,Аналитик данных,Стажер,2017-11-24,98032.69,Магистратура,Активен
638,Никонов,Самсон,Владленович,Female,37,Product,Системный аналитик,Middle,2017-02-04,189263.59,Магистратура,Уволен
639,Никонова,Агата,Кузьминична,Female,50,Data,Проект менеджер,Middle,2016-07-01,240926.55,Магистратура,Уволен
640,Никонова,Андроник,Ильич,Female,29,Data,Продукт менеджер,Стажер,2015-07-20,90988.65,Магистратура,Уволен
641,Никонова,Марина,Адрианович,Female,44,Data,Тестировщик,Lead,2015-08-15,688160.06,Среднее специальное,Активен
642,Новиков,Сигизмунд,Вячеславовна,Female,38,Product,Продуктовый аналитик,Стажер,2019-05-13,99904.97,Магистратура,Активен
643,Новиков,Аверкий,Филимонович,Male,41,IT,Системный аналитик,Middle,2019-03-30,183244.28,Высшее,Активен
644,Новиков,Гаврила,Гурьевич,Female,45,Analytics,Разработчик систем,Middle,2023-01-06,201870.36,Высшее,Уволен
645,Новикова,Глафира,Ефимович,Male,24,Data,Системный инженер,Senior,2023-12-17,269531.47,Среднее специальное,Уволен
646,Носков,Бронислав,Романовна,Male,25,IT,Проект менеджер,Lead,2021-03-22,533917.91,Магистратура,Уволен
647,Носков,Фока,Фомич,Female,50,Analytics,Продукт менеджер,Middle,2024-07-12,227217.1,Высшее,Активен
648,Носков,Наум,Рудольфовна,Male,24,IT,Системный инженер,Lead,2016-02-05,700919.32,Среднее специальное,Активен
649,Носков,Валентина,Вилорович,Male,30,Analytics,Продуктовый аналитик,Senior,2024-09-29,370471.72,Среднее специальное,Уволен
650,Носков,Нифонт,Вилорович,Male,39,IT,Системный инженер,Lead,2021-11-04,459800.35,Среднее специальное,Активен
651,Носкова,Евдоким,Николаевна,Female,37,Data,Бизнес аналитик,Middle,2016-01-14,294826.24,Высшее,Уволен
652,Носкова,Иларион,Иосифович,Male,36,Data,Тестировщик,Стажер,2019-03-05,108789.69,Высшее,Уволен
653,Носов,Будимир,Эдгарович,Female,55,Product,Системный аналитик,Junior,2023-05-21,101810.96,Среднее специальное,Активен
654,Носов,Спартак,Федоровна,Female,55,Product,Тестировщик,Senior,2016-10-02,283792.75,Высшее,Уволен
655,Носова,Сергей,Тимофеевна,Female,54,Analytics,Разработчик систем,Junior,2015-01-14,127839.96,Среднее специальное,Уволен
656,Носова,Любим,Борисович,Female,37,IT,Продуктовый аналитик,Lead,2023-01-19,670733.96,Среднее специальное,Уволен
657,Овчинников,Юрий,Юльевич,Male,25,Product,Продукт менеджер,Lead,2022-10-15,466971.59,Высшее,Активен
658,Овчинников,Измаил,Давыдович,Male,56,Data,Разработчик баз данных,Middle,2021-03-06,291111.84,Среднее специальное,Уволен
659,Овчинникова,Твердислав,Тарасович,Male,44,Data,Бизнес аналитик,Lead,2017-12-22,660633.06,Высшее,Активен
660,Овчинникова,Нифонт,Дмитриевна,Female,29,IT,Системный аналитик,Senior,2018-05-12,321779.31,Магистратура,Уволен
661,Овчинникова,Демид,Леонидовна,Female,40,Analytics,Продуктовый аналитик,Senior,2016-09-15,256513.12,Магистратура,Активен
662,Одинцов,Нинель,Вячеславович,Female,36,IT,Продуктовый аналитик,Senior,2018-06-14,392436.62,Магистратура,Активен
663,Одинцова,Селиван,Измаилович,Female,44,Analytics,Проект менеджер,Middle,2018-11-12,158440.27,Высшее,Уволен
664,Одинцова,Платон,Андреевич,Male,28,Analytics,Разработчик баз данных,Middle,2017-03-27,169500.92,Высшее,Уволен
665,Орехов,Тамара,Тарасовна,Female,28,Product,Проект менеджер,Lead,2017-03-07,406808.54,Высшее,Уволен
666,Орехова,Харитон,Гертрудович,Male,22,Analytics,Разработчик систем,Lead,2017-05-28,714076.6,Магистратура,Активен
667,Орехова,Ираида,Георгиевна,Male,41,IT,Аналитик данных,Стажер,2022-02-24,107793.66,Среднее специальное,Активен
668,Орлов,Порфирий,Аскольдовна,Female,43,Data,Продукт менеджер,Middle,2015-08-04,297593.64,Высшее,Уволен
669,Осипов,Всеслав,Ерофеевич,Female,27,Product,Продуктовый аналитик,Junior,2024-07-30,115539.38,Магистратура,Уволен
670,Осипов,Амос,Рудольфовна,Female,56,Product,Продукт менеджер,Middle,2019-05-07,180438.38,Среднее специальное,Уволен
671,Осипова,Симон,Архиповна,Male,23,Product,Разработчик систем,Senior,2018-10-07,354556.76,Среднее специальное,Уволен
672,Осипова,Аверьян,Аверьянович,Female,55,Product,Тестировщик,Стажер,2024-03-22,93335.64,Высшее,Активен
673,Осипова,Елизар,Венедиктович,Male,23,Product,Тестировщик,Middle,2020-08-03,215912.16,Среднее специальное,Активен
674,Осипова,Епифан,Витальевич,Female,46,Analytics,Разработчик систем,Lead,2022-12-18,661573.1,Среднее специальное,Активен
675,Павлов,Никифор,Гаврилович,Male,40,Analytics,Тестировщик,Senior,2018-06-25,267188.92,Среднее специальное,Активен
676,Павлов,Антип,Аксёнович,Male,32,Data,Аналитик данных,Senior,2016-10-13,369358.36,Магистратура,Уволен
677,Павлова,Пахом,Авдеевич,Male,47,Analytics,Продукт менеджер,Lead,2021-07-24,638725.12,Высшее,Активен
678,Павлова,Милован,Филатович,Female,22,Data,Продуктовый аналитик,Стажер,2023-04-19,110725.29,Среднее специальное,Активен
679,Павлова,Феврония,Фадеевич,Male,53,Analytics,Тестировщик,Стажер,2019-06-08,118258.52,Среднее специальное,Уволен
680,Панов,Илья,Наумовна,Male,25,Product,Разработчик баз данных,Lead,2018-12-10,514347.51,Магистратура,Уволен
681,Панов,Татьяна,Игнатович,Male,37,Analytics,Продуктовый аналитик,Стажер,2014-11-04,102494.49,Среднее специальное,Активен
682,Панова,Куприян,Вячеславович,Male,60,Analytics,Проект менеджер,Senior,2015-06-09,287826.79,Высшее,Активен
683,Панова,Клавдий,Алексеевна,Female,42,Analytics,Проект менеджер,Стажер,2017-02-19,102602.76,Высшее,Активен
684,Панова,Януарий,Харлампович,Male,24,Analytics,Разработчик баз данных,Стажер,2018-10-25,112406.57,Магистратура,Уволен
685,Панфилов,Евгения,Тимурович,Female,40,IT,Системный инженер,Junior,2018-04-21,147801.04,Среднее специальное,Активен
686,Панфилов,Творимир,Харитонович,Male,45,Data,Тестировщик,Senior,2020-05-15,385882.85,Среднее специальное,Активен
687,Панфилов,Парамон,Юрьевна,Male,41,Product,Бизнес аналитик,Junior,2024-08-12,140100.41,Среднее специальное,Уволен
688,Панфилова,Конон,Тимуровна,Male,34,Product,Аналитик данных,Lead,2024-06-22,628234.07,Высшее,Уволен
689,Панфилова,Эрнест,Богдановна,Male,53,Data,Системный инженер,Senior,2024-08-12,388575.94,Высшее,Уволен
690,Панфилова,Спартак,Венедиктович,Male,24,Data,Продуктовый аналитик,Middle,2023-04-02,272825.94,Высшее,Активен
691,Пахомов,Фирс,Теймуразович,Male,23,Analytics,Системный инженер,Junior,2015-02-17,132047.56,Магистратура,Уволен
692,Пахомов,Вера,Геннадиевна,Female,53,Analytics,Разработчик баз данных,Стажер,2018-05-01,119003.11,Среднее специальное,Уволен
693,Пахомов,Синклитикия,Афанасьевна,Female,58,Product,Системный аналитик,Lead,2018-09-24,630690.82,Среднее специальное,Уволен
694,Пахомова,Анастасия,Гаврилович,Female,27,IT,Разработчик систем,Junior,2016-04-08,117856.5,Высшее,Активен
695,Пестов,Боян,Бориславович,Female,28,Analytics,Системный инженер,Lead,2020-09-05,441081.99,Магистратура,Активен
696,Пестова,Василиса,Аверьянович,Female,30,Product,Проект менеджер,Junior,2023-11-12,132977.96,Высшее,Активен
697,Пестова,Раиса,Дорофеевич,Female,60,Product,Тестировщик,Lead,2023-09-29,547324.85,Магистратура,Активен
698,Пестова,Ия,Георгиевна,Female,36,Product,Аналитик данных,Junior,2021-12-02,112831.99,Среднее специальное,Уволен
699,Петров,Денис,Давыдович,Male,42,Product,Бизнес аналитик,Middle,2021-02-17,265151.82,Высшее,Уволен
700,Петров,Твердислав,Григорьевич,Female,39,Data,Системный инженер,Middle,2019-02-20,207578.46,Среднее специальное,Активен
701,Петров,Жанна,Харламович,Female,31,Analytics,Разработчик баз данных,Senior,2021-03-13,394626.86,Высшее,Активен
702,Петров,Захар,Антонович,Male,46,Data,Аналитик данных,Middle,2017-08-11,224220.98,Среднее специальное,Активен
703,Петров,Прокл,Богданович,Male,47,Product,Бизнес аналитик,Стажер,2023-01-23,107104.75,Магистратура,Активен
704,Петрова,Агафья,Юльевич,Male,36,IT,Системный аналитик,Lead,2024-01-12,534085.71,Высшее,Уволен
705,Петухова,Владислав,Александровна,Male,33,Analytics,Системный аналитик,Senior,2015-01-06,346841.73,Магистратура,Активен
706,Поляков,Максим,Игоревна,Female,49,Product,Системный инженер,Junior,2019-03-29,149531.16,Магистратура,Активен
707,Полякова,Максимильян,Аркадьевна,Male,47,Analytics,Разработчик систем,Стажер,2015-10-22,91954.48,Среднее специальное,Активен
708,Полякова,Всемил,Филипповна,Male,35,IT,Проект менеджер,Senior,2022-01-20,330381.63,Магистратура,Уволен
709,Полякова,Всемил,Матвеевич,Male,53,Analytics,Разработчик систем,Стажер,2019-09-29,93983.4,Высшее,Активен
710,Пономарева,Ладислав,Болеславовна,Female,50,Data,Проект менеджер,Стажер,2015-12-05,103666.53,Магистратура,Уволен
711,Попов,Ипполит,Ермилович,Male,28,Data,Системный инженер,Стажер,2015-08-29,107471.21,Среднее специальное,Активен
712,Попов,Пантелеймон,Филипповна,Male,53,Product,Бизнес аналитик,Middle,2018-12-06,279784.63,Магистратура,Уволен
713,Попов,Еремей,Афанасьевич,Male,57,IT,Разработчик баз данных,Junior,2017-10-29,110029.91,Среднее специальное,Активен
714,Попов,Всеслав,Гордеевич,Male,46,Product,Тестировщик,Middle,2021-07-24,168878.59,Высшее,Уволен
715,Попов,Болеслав,Павловна,Male,54,Analytics,Аналитик данных,Junior,2021-03-14,144124.33,Среднее специальное,Уволен
716,Потапов,Никифор,Данилович,Female,25,IT,Проект менеджер,Middle,2020-02-16,252158.97,Высшее,Уволен
717,Потапов,Соломон,Феодосьевич,Male,37,Product,Разработчик баз данных,Middle,2020-05-01,264904.91,Среднее специальное,Уволен
718,Потапов,Исидор,Оскаровна,Female,40,IT,Системный инженер,Lead,2016-02-16,620767.64,Среднее специальное,Активен
719,Потапова,Елисей,Валерианович,Male,53,IT,Системный инженер,Middle,2024-02-06,162209.22,Среднее специальное,Активен
720,Потапова,Герасим,Матвеевич,Male,35,IT,Системный инженер,Стажер,2015-12-29,98858.79,Высшее,Уволен
721,Прохоров,Михей,Харитонович,Male,29,Analytics,Системный инженер,Lead,2021-08-08,545449.0,Высшее,Активен
722,Прохоров,Эдуард,Юльевна,Male,57,Data,Продуктовый аналитик,Lead,2018-01-28,730045.74,Среднее специальное,Уволен
723,Прохоров,Станимир,Виленович,Female,39,Product,Тестировщик,Lead,2021-02-16,687875.13,Высшее,Активен
724,Прохорова,Егор,Германович,Female,41,Product,Разработчик систем,Senior,2024-06-22,365469.89,Среднее специальное,Активен
725,Прохорова,Гедеон,Иларионович,Female,31,Analytics,Тестировщик,Стажер,2018-08-19,101611.44,Среднее специальное,Активен
726,Прохорова,Касьян,Артёмович,Male,47,IT,Продукт менеджер,Junior,2016-01-11,132745.69,Магистратура,Уволен
727,Прохорова,Оксана,Владиславовна,Female,56,Data,Аналитик данных,Middle,2023-10-30,167131.95,Магистратура,Активен
728,Прохорова,Олимпий,Данилович,Male,28,IT,Системный инженер,Junior,2024-03-16,115370.02,Магистратура,Активен
729,Рогов,Нестор,Леонидовна,Male,28,Analytics,Системный аналитик,Junior,2017-02-10,110926.06,Среднее специальное,Активен
730,Рогов,Татьяна,Львовна,Female,41,Analytics,Продуктовый аналитик,Senior,2019-12-08,258894.08,Магистратура,Активен
731,Рогов,Ксения,Павловна,Female,26,Data,Продуктовый аналитик,Lead,2017-06-23,479814.8,Среднее специальное,Уволен
732,Рогова,Ульян,Ермолаевич,Male,37,IT,Бизнес аналитик,Junior,2018-05-20,117599.2,Высшее,Активен
733,Рогова,Георгий,Ерофеевич,Female,22,Analytics,Разработчик баз данных,Junior,2023-02-14,148005.62,Высшее,Активен
734,Родионов,Мефодий,Никифоровна,Female,36,Product,Разработчик систем,Senior,2023-07-03,312387.69,Магистратура,Активен
735,Родионов,Карп,Александровна,Female,27,Product,Бизнес аналитик,Стажер,2020-05-17,116018.64,Среднее специальное,Активен
736,Родионов,Аггей,Даниилович,Female,60,Product,Проект менеджер,Junior,2019-05-06,103086.33,Магистратура,Активен
737,Родионов,Валерий,Павловна,Male,59,Analytics,Разработчик баз данных,Junior,2016-10-05,131913.44,Высшее,Уволен
738,Родионов,Демьян,Адрианович,Male,50,Analytics,Разработчик баз данных,Junior,2016-09-12,125641.44,Магистратура,Активен
739,Родионов,Октябрина,Абрамович,Male,38,Analytics,Системный аналитик,Senior,2020-04-01,327736.0,Высшее,Уволен
740,Родионов,Данила,Ефстафьевич,Female,26,IT,Тестировщик,Стажер,2016-04-26,89105.78,Высшее,Уволен
741,Родионова,Вера,Вячеславович,Male,35,Analytics,Аналитик данных,Lead,2018-04-18,612542.21,Высшее,Активен
742,Родионова,Аверкий,Денисович,Female,36,Product,Проект менеджер,Middle,2019-10-22,201711.11,Среднее специальное,Активен
743,Родионова,Леонтий,Львовна,Female,48,IT,Разработчик систем,Senior,2021-03-01,258104.51,Магистратура,Активен
744,Родионова,Вадим,Владимировна,Female,35,Product,Аналитик данных,Junior,2024-06-10,124279.14,Магистратура,Уволен
745,Рожков,Лидия,Гавриилович,Male,47,Product,Аналитик данных,Lead,2018-08-24,404715.15,Среднее специальное,Уволен
746,Рожков,Парфен,Даниилович,Male,57,Analytics,Тестировщик,Стажер,2015-01-25,87658.27,Высшее,Уволен
747,Рожков,Зоя,Анатольевич,Male,25,IT,Тестировщик,Lead,2019-08-17,402459.47,Среднее специальное,Активен
748,Рожкова,Аникита,Егоровна,Male,47,Data,Аналитик данных,Lead,2016-07-17,630572.79,Магистратура,Уволен
749,Рожкова,Марфа,Герасимович,Female,52,Analytics,Системный аналитик,Lead,2015-09-03,689707.25,Среднее специальное,Активен
750,Рожкова,Тарас,Авдеевич,Male,57,Analytics,Продукт менеджер,Middle,2018-09-20,295158.09,Магистратура,Активен
751,Рожкова,Поликарп,Борисовна,Female,56,Analytics,Проект менеджер,Lead,2023-02-11,661509.82,Высшее,Активен
752,Романов,Фирс,Витальевич,Female,38,Data,Аналитик данных,Стажер,2022-06-28,86918.14,Магистратура,Уволен
753,Романова,Климент,Тарасович,Male,59,Analytics,Аналитик данных,Senior,2018-11-20,305978.92,Среднее специальное,Активен
754,Русакова,Владлен,Тихонович,Female,55,IT,Тестировщик,Senior,2024-08-04,334300.87,Высшее,Уволен
755,Рыбаков,Флорентин,Юльевна,Male,45,IT,Разработчик систем,Middle,2018-06-11,274099.17,Магистратура,Активен
756,Рыбаков,Серафим,Алексеевич,Male,35,IT,Продукт менеджер,Senior,2017-12-25,375869.29,Высшее,Активен
757,Рыбакова,Терентий,Владиславовна,Female,35,IT,Продуктовый аналитик,Стажер,2022-09-13,90339.81,Магистратура,Уволен
758,Рыбакова,Милица,Эдгарович,Male,47,Product,Тестировщик,Senior,2019-03-03,386929.37,Высшее,Активен
759,Рыбакова,Евдокия,Руслановна,Female,52,Product,Разработчик баз данных,Senior,2021-10-12,310603.19,Магистратура,Активен
760,Рябов,Игорь,Мироновна,Female,55,Data,Разработчик систем,Junior,2022-02-21,115285.05,Среднее специальное,Уволен
761,Рябова,Иван,Игнатьевич,Male,60,Analytics,Тестировщик,Junior,2018-06-22,130447.76,Среднее специальное,Активен
762,Савельев,Никандр,Валерьянович,Male,24,IT,Системный инженер,Junior,2015-09-30,113265.33,Среднее специальное,Активен
763,Савельев,Татьяна,Геннадьевна,Male,31,Data,Разработчик баз данных,Middle,2019-01-15,152274.68,Высшее,Уволен
764,Савельева,Виссарион,Борисович,Female,25,Product,Разработчик систем,Lead,2017-11-27,446575.44,Среднее специальное,Активен
765,Савельева,Виталий,Богданович,Female,23,Analytics,Продуктовый аналитик,Стажер,2015-04-12,105169.61,Высшее,Уволен
766,Савин,Роман,Тимуровна,Male,32,IT,Продукт менеджер,Middle,2020-11-22,182703.24,Высшее,Уволен
767,Савин,Мокей,Станиславовна,Male,55,Analytics,Системный инженер,Lead,2018-11-12,640162.75,Магистратура,Активен
768,Савина,Ермил,Сергеевна,Male,48,Data,Аналитик данных,Senior,2019-11-27,301038.97,Среднее специальное,Активен
769,Савина,Зинаида,Ефремович,Male,46,Product,Аналитик данных,Middle,2021-01-04,268753.54,Магистратура,Уволен
770,Савина,Владислав,Викентьевич,Female,22,IT,Системный аналитик,Middle,2022-10-17,173476.55,Магистратура,Уволен
771,Савина,Спартак,Артемовна,Female,50,Data,Тестировщик,Senior,2024-06-18,266773.73,Высшее,Активен
772,Савина,Софрон,Ильич,Male,30,Analytics,Разработчик систем,Middle,2024-07-31,235681.29,Магистратура,Активен
773,Сазонова,Леонид,Артурович,Female,38,Analytics,Продукт менеджер,Senior,2021-05-24,252304.29,Среднее специальное,Активен
774,Сазонова,Чеслав,Васильевич,Female,40,Product,Системный аналитик,Lead,2015-01-04,547209.82,Высшее,Уволен
775,Самойлов,Селиверст,Яковлевна,Female,27,Data,Разработчик баз данных,Lead,2015-11-14,686573.01,Магистратура,Активен
776,Самойлова,Амос,Рубеновна,Male,39,Product,Системный инженер,Middle,2015-09-07,287595.37,Магистратура,Активен
777,Самойлова,Любомир,Архиповна,Female,55,Analytics,Системный аналитик,Middle,2016-03-10,224768.31,Магистратура,Уволен
778,Самсонов,Гордей,Давыдович,Male,48,Product,Проект менеджер,Стажер,2016-12-03,109877.68,Магистратура,Активен
779,Самсонов,Бажен,Феофанович,Male,23,Analytics,Системный аналитик,Стажер,2020-07-31,113361.11,Высшее,Активен
780,Самсонов,Исидор,Глебович,Female,25,Data,Разработчик систем,Middle,2015-08-31,220846.08,Среднее специальное,Уволен
781,Сафонов,Мария,Натановна,Male,39,Analytics,Аналитик данных,Lead,2022-07-21,506243.85,Среднее специальное,Активен
782,Сафонова,Майя,Владиславович,Female,29,IT,Тестировщик,Middle,2018-05-31,231044.76,Магистратура,Активен
783,Селезнев,Тимофей,Матвеевна,Female,48,IT,Аналитик данных,Senior,2017-10-23,345788.18,Среднее специальное,Уволен
784,Селезнева,Наина,Рудольфовна,Male,37,Product,Системный инженер,Junior,2017-10-17,117431.89,Высшее,Активен
785,Селезнева,Еремей,Артурович,Female,60,Data,Системный аналитик,Middle,2023-02-24,299250.17,Высшее,Уволен
786,Селиверстов,Евстигней,Иосифович,Female,36,IT,Продукт менеджер,Стажер,2023-01-15,80718.65,Магистратура,Уволен
787,Селиверстова,Евдокия,Жоресович,Male,55,IT,Разработчик систем,Junior,2022-01-13,102049.3,Магистратура,Активен
788,Семенов,Селиверст,Ильинична,Female,47,IT,Разработчик баз данных,Senior,2024-05-26,329848.13,Магистратура,Уволен
789,Семенов,Вениамин,Фомич,Female,27,Data,Продуктовый аналитик,Lead,2023-11-17,798408.5,Магистратура,Уволен
790,Семенов,Арсений,Фролович,Female,40,Data,Системный инженер,Стажер,2022-07-21,92440.17,Высшее,Активен
791,Семенова,Вышеслав,Ивановна,Female,39,Data,Продукт менеджер,Lead,2024-02-26,716085.75,Высшее,Уволен
792,Сергеев,Аскольд,Константиновна,Male,25,Product,Продукт менеджер,Junior,2021-12-16,130399.3,Высшее,Активен
793,Сергеев,Родион,Болеславовна,Female,42,Product,Продукт менеджер,Senior,2021-02-03,281145.87,Высшее,Уволен
794,Сергеев,Фаина,Валентиновна,Male,51,Product,Продуктовый аналитик,Junior,2019-02-04,102423.97,Среднее специальное,Уволен
795,Сергеев,Кузьма,Геннадьевна,Male,36,Analytics,Разработчик баз данных,Middle,2024-01-13,204005.59,Магистратура,Активен
796,Сергеева,Кондратий,Вениаминовна,Male,44,Product,Системный аналитик,Senior,2015-11-30,327404.62,Среднее специальное,Уволен
797,Сергеева,Анна,Ярославович,Female,29,Data,Продуктовый аналитик,Junior,2015-08-25,147502.24,Магистратура,Уволен
798,Сергеева,Эмиль,Трофимович,Male,53,Analytics,Разработчик систем,Lead,2024-03-09,672533.25,Высшее,Активен
799,Сергеева,Людмила,Матвеевич,Male,52,Product,Продуктовый аналитик,Middle,2019-02-26,254236.23,Магистратура,Активен
800,Сидоров,Нонна,Анатольевна,Female,32,Product,Разработчик баз данных,Senior,2020-06-17,349484.88,Магистратура,Активен
801,Сидоров,Харлампий,Романовна,Female,28,Analytics,Разработчик систем,Junior,2015-11-27,122667.5,Высшее,Уволен
802,Сидорова,Юрий,Феликсовна,Male,23,IT,Продуктовый аналитик,Middle,2020-10-22,212371.84,Среднее специальное,Активен
803,Силин,Соломон,Федоровна,Female,29,Product,Бизнес аналитик,Senior,2019-03-26,333944.72,Среднее специальное,Уволен
804,Силина,Руслан,Ефстафьевич,Female,42,Product,Проект менеджер,Senior,2019-11-25,349763.97,Высшее,Уволен
805,Силина,Христофор,Игнатович,Male,47,Product,Бизнес аналитик,Senior,2024-07-25,261422.8,Магистратура,Уволен
806,Силина,Эрнст,Игоревич,Female,41,Data,Системный инженер,Junior,2017-07-19,149548.82,Магистратура,Активен
807,Симонов,Зиновий,Исидорович,Male,40,IT,Бизнес аналитик,Стажер,2019-12-23,92974.32,Магистратура,Активен
808,Симонов,Панкрат,Гертрудович,Male,57,Analytics,Системный инженер,Стажер,2024-02-17,80864.75,Среднее специальное,Уволен
809,Симонова,Мир,Зиновьевич,Female,47,Analytics,Разработчик баз данных,Junior,2016-10-29,142732.95,Среднее специальное,Активен
810,Симонова,Мирослав,Николаевна,Female,28,Product,Разработчик баз данных,Senior,2024-07-28,365059.84,Высшее,Уволен
811,Симонова,Владлен,Аскольдовна,Female,31,Analytics,Разработчик систем,Lead,2019-12-16,470433.64,Среднее специальное,Уволен
812,Ситников,Мария,Эдуардовна,Female,40,IT,Продукт менеджер,Middle,2021-11-11,251226.12,Магистратура,Уволен
813,Ситников,Потап,Никифоровна,Female,59,IT,Системный аналитик,Middle,2015-08-19,184245.82,Магистратура,Уволен
814,Ситникова,Нифонт,Феоктистович,Female,26,IT,Продукт менеджер,Senior,2023-12-09,333410.58,Магистратура,Уволен
815,Ситникова,Милица,Николаевна,Female,44,IT,Проект менеджер,Senior,2017-02-19,294373.92,Магистратура,Активен
816,Смирнов,Филарет,Святославовна,Male,38,Data,Разработчик баз данных,Lead,2018-06-21,442594.09,Высшее,Активен
817,Смирнов,Натан,Юльевич,Female,35,Product,Разработчик баз данных,Junior,2024-02-20,118809.41,Среднее специальное,Активен
818,Смирнов,Максимильян,Ааронович,Male,52,Analytics,Разработчик баз данных,Стажер,2015-04-06,84375.87,Среднее специальное,Активен
819,Смирнов,Геннадий,Викторовна,Male,28,IT,Проект менеджер,Senior,2020-08-29,301583.56,Высшее,Активен
820,Смирнова,Архип,Августович,Male,24,Data,Аналитик данных,Lead,2016-09-03,406562.06,Магистратура,Активен
821,Соболев,Тамара,Степановна,Male,24,IT,Продуктовый аналитик,Middle,2021-06-24,199505.39,Высшее,Активен
822,Соболева,Евстафий,Макаровна,Female,56,IT,Разработчик систем,Lead,2017-11-03,491021.24,Высшее,Активен
823,Соколов,Эрнест,Афанасьевич,Female,48,Product,Разработчик баз данных,Junior,2021-11-26,126369.9,Высшее,Уволен
824,Соколов,Клавдия,Романовна,Male,25,IT,Системный инженер,Middle,2020-04-08,288933.68,Магистратура,Уволен
825,Соколов,Добромысл,Игнатович,Male,26,Product,Разработчик систем,Стажер,2024-01-06,82787.27,Высшее,Активен
826,Соколов,Кира,Витальевич,Female,41,Analytics,Системный инженер,Стажер,2019-08-20,102469.77,Высшее,Уволен
827,Соколова,Леонтий,Вениаминовна,Male,43,Data,Системный аналитик,Senior,2019-11-23,298947.58,Высшее,Активен
828,Соколова,Твердислав,Матвеевич,Female,24,Data,Проект менеджер,Lead,2023-08-03,736623.53,Высшее,Уволен
829,Соловьев,Иосиф,Владиславович,Male,49,Data,Аналитик данных,Lead,2020-11-21,526363.1,Среднее специальное,Активен
830,Соловьев,Тарас,Геннадьевна,Male,56,Analytics,Системный инженер,Senior,2018-04-15,258016.76,Среднее специальное,Активен
831,Соловьев,Зосима,Измаилович,Female,47,Data,Бизнес аналитик,Senior,2019-09-19,317970.49,Среднее специальное,Уволен
832,Соловьев,Ефрем,Макаровна,Female,31,Data,Бизнес аналитик,Senior,2015-07-16,394502.91,Высшее,Уволен
833,Соловьева,Боян,Игоревна,Female,33,Analytics,Продукт менеджер,Стажер,2024-04-04,101749.85,Магистратура,Уволен
834,Сорокин,Савватий,Андреевич,Female,34,IT,Разработчик систем,Lead,2023-05-07,716220.02,Магистратура,Активен
835,Сорокин,Кондратий,Филипповна,Female,27,Data,Аналитик данных,Senior,2017-04-19,291026.76,Высшее,Активен
836,Сорокина,Феофан,Семеновна,Male,42,IT,Разработчик систем,Senior,2016-04-12,271852.92,Среднее специальное,Активен
837,Степанов,Корнил,Бенедиктович,Female,28,Analytics,Тестировщик,Middle,2016-04-21,150572.76,Среднее специальное,Активен
838,Степанов,Семен,Станиславовна,Female,48,Data,Аналитик данных,Middle,2024-02-01,154901.78,Среднее специальное,Активен
839,Степанова,Эдуард,Якубович,Female,46,Product,Разработчик систем,Стажер,2016-02-05,81678.69,Высшее,Уволен
840,Степанова,Зиновий,Валериевна,Male,54,Data,Аналитик данных,Стажер,2015-06-21,92119.05,Магистратура,Уволен
841,Стрелков,Клавдий,Ефимовна,Male,43,Product,Системный инженер,Стажер,2024-08-29,81489.94,Среднее специальное,Уволен
842,Стрелков,Милица,Феликсовна,Male,44,Analytics,Продуктовый аналитик,Senior,2019-11-05,341790.84,Высшее,Уволен
843,Стрелкова,Надежда,Антонович,Female,32,Product,Проект менеджер,Стажер,2023-11-18,81954.75,Магистратура,Уволен
844,Субботин,Евдоким,Феофанович,Female,26,Analytics,Системный аналитик,Junior,2023-09-02,131161.55,Высшее,Активен
845,Субботин,Кондратий,Ануфриевич,Female,23,Data,Бизнес аналитик,Lead,2020-06-05,445428.01,Высшее,Активен
846,Суворов,Никанор,Брониславович,Female,37,IT,Продукт менеджер,Lead,2022-03-02,606151.92,Магистратура,Активен
847,Суворов,Демид,Захаровна,Female,50,Product,Системный инженер,Middle,2023-04-12,227841.27,Среднее специальное,Активен
848,Суворов,Ермил,Антипович,Female,34,IT,Проект менеджер,Senior,2020-03-30,342435.65,Высшее,Уволен
849,Суворова,Сергей,Бенедиктович,Female,58,IT,Продукт менеджер,Junior,2021-02-16,109149.25,Среднее специальное,Уволен
850,Суворова,Никита,Вилорович,Female,41,Product,Системный аналитик,Senior,2024-01-22,367067.93,Магистратура,Уволен
851,Суханов,Спиридон,Евгеньевна,Male,48,IT,Проект менеджер,Стажер,2015-10-01,100741.09,Высшее,Активен
852,Суханова,Ираклий,Владимировна,Female,48,Data,Продукт менеджер,Lead,2020-12-09,511031.76,Магистратура,Активен
853,Суханова,Прокофий,Макаровна,Male,56,IT,Проект менеджер,Стажер,2015-06-10,80476.65,Высшее,Активен
854,Суханова,Антип,Арсенович,Female,27,IT,Продуктовый аналитик,Lead,2022-07-30,576887.06,Среднее специальное,Уволен
855,Сысоев,Флорентин,Антонович,Female,26,IT,Разработчик систем,Lead,2015-04-22,569433.99,Магистратура,Уволен
856,Сысоев,Прохор,Антонович,Female,22,Product,Проект менеджер,Junior,2018-09-05,130317.1,Высшее,Активен
857,Сысоева,Всемил,Адамович,Female,23,Product,Тестировщик,Junior,2015-06-10,115534.83,Высшее,Активен
858,Сысоева,Авдей,Ивановна,Female,52,Analytics,Разработчик систем,Lead,2022-04-01,633991.12,Высшее,Активен
859,Тарасов,Артемий,Бенедиктович,Male,46,Analytics,Разработчик систем,Middle,2021-03-19,175337.02,Высшее,Активен
860,Тарасова,Каллистрат,Арсеньевич,Female,57,IT,Системный инженер,Lead,2015-02-20,483319.27,Магистратура,Активен
861,Тарасова,Лев,Тимофеевна,Male,54,Analytics,Аналитик данных,Стажер,2021-02-08,82238.75,Высшее,Активен
862,Тарасова,Игорь,Валерианович,Male,50,IT,Проект менеджер,Middle,2019-02-05,295130.88,Высшее,Уволен
863,Терентьев,Ефрем,Феодосьевич,Female,53,Analytics,Аналитик данных,Junior,2015-07-08,138080.19,Магистратура,Уволен
864,Терентьева,Никита,Феликсович,Male,24,Analytics,Продукт менеджер,Lead,2016-02-20,663788.0,Среднее специальное,Уволен
865,Терентьева,Герасим,Якубович,Male,37,Product,Тестировщик,Senior,2024-10-11,298029.59,Магистратура,Активен
866,Тетерин,Семен,Игоревна,Female,35,IT,Тестировщик,Middle,2021-09-17,271578.94,Магистратура,Уволен
867,Тетерин,Антонина,Мироновна,Male,53,Product,Проект менеджер,Lead,2019-10-12,759683.7,Среднее специальное,Активен
868,Тетерин,Марк,Адрианович,Female,27,Data,Бизнес аналитик,Senior,2020-11-12,278175.56,Высшее,Уволен
869,Тетерина,Фотий,Ефремович,Male,29,Data,Тестировщик,Lead,2021-06-05,566119.24,Высшее,Активен
870,Тимофеев,Герман,Германович,Female,47,IT,Продукт менеджер,Middle,2023-12-18,160442.1,Высшее,Активен
871,Тимофеева,Мартьян,Ермилович,Male,43,Analytics,Аналитик данных,Стажер,2022-12-26,113911.82,Магистратура,Активен
872,Титов,Эмилия,Вилорович,Male,59,Data,Продуктовый аналитик,Lead,2024-09-02,755867.41,Высшее,Уволен
873,Титов,Анжела,Харламович,Female,29,Analytics,Тестировщик,Стажер,2021-09-17,93769.62,Среднее специальное,Уволен
874,Титова,Сигизмунд,Робертовна,Male,50,Product,Продукт менеджер,Стажер,2019-11-01,98820.75,Высшее,Активен
875,Титова,Викторин,Матвеевна,Male,37,Product,Разработчик баз данных,Junior,2023-12-01,136404.47,Высшее,Уволен
876,Тихонов,Евлампий,Леоновна,Female,34,Product,Системный аналитик,Lead,2016-03-18,425375.68,Среднее специальное,Уволен
877,Тихонова,Станимир,Трифонович,Male,35,Analytics,Разработчик баз данных,Lead,2020-03-15,601138.7,Магистратура,Активен
878,Тихонова,Мартын,Глебович,Male,32,Product,Разработчик систем,Стажер,2022-05-02,107689.79,Магистратура,Уволен
879,Третьяков,Ювеналий,Бенедиктович,Female,51,IT,Продукт менеджер,Junior,2016-10-08,119729.41,Магистратура,Активен
880,Третьяков,Прохор,Иларионович,Male,42,IT,Системный аналитик,Lead,2019-03-22,661406.42,Среднее специальное,Активен
881,Трофимов,Савватий,Тихонович,Female,49,IT,Продуктовый аналитик,Lead,2014-12-21,595198.2,Магистратура,Активен
882,Трофимов,Касьян,Вячеславовна,Female,31,Analytics,Тестировщик,Senior,2024-10-11,305186.74,Среднее специальное,Активен
883,Трофимова,Всемил,Яковлевич,Female,33,Data,Системный инженер,Стажер,2019-08-30,80626.82,Среднее специальное,Уволен
884,Турова,Евстафий,Руслановна,Female,36,Data,Разработчик баз данных,Junior,2023-05-04,107820.33,Высшее,Активен
885,Турова,Вячеслав,Филатович,Female,23,Data,Разработчик систем,Стажер,2018-07-22,93809.45,Магистратура,Уволен
886,Турова,Сергей,Гавриилович,Female,49,Product,Разработчик систем,Middle,2015-09-02,202522.47,Магистратура,Активен
887,Турова,Зоя,Фролович,Female,49,IT,Системный аналитик,Стажер,2024-03-11,94665.92,Высшее,Уволен
888,Турова,Мокей,Григорьевна,Female,56,IT,Тестировщик,Senior,2016-01-15,257072.67,Среднее специальное,Уволен
889,Турова,Флорентин,Георгиевич,Female,39,IT,Системный аналитик,Lead,2019-08-02,681485.07,Высшее,Активен
890,Уваров,Доброслав,Георгиевич,Male,53,Analytics,Аналитик данных,Middle,2024-08-19,202043.2,Среднее специальное,Активен
891,Уваров,Глафира,Тимуровна,Female,48,Product,Разработчик систем,Lead,2015-02-26,665904.72,Магистратура,Активен
892,Уваров,Афиноген,Рудольфовна,Male,53,Data,Системный инженер,Junior,2022-08-13,100109.18,Магистратура,Уволен
893,Устинов,Светозар,Ефимьевич,Male,48,Data,Разработчик систем,Senior,2016-05-27,299955.74,Магистратура,Уволен
894,Устинов,Борислав,Макаровна,Male,50,IT,Проект менеджер,Lead,2022-09-21,564292.29,Среднее специальное,Активен
895,Устинова,Демьян,Аксёнович,Male,51,Data,Разработчик систем,Senior,2022-01-21,331193.2,Высшее,Уволен
896,Устинова,Стоян,Харитонович,Male,37,Data,Аналитик данных,Стажер,2022-10-21,91418.05,Магистратура,Активен
897,Устинова,Зиновий,Глебович,Female,51,Product,Бизнес аналитик,Стажер,2020-05-31,112885.69,Среднее специальное,Уволен
898,Фадеева,Анна,Матвеевич,Male,43,Analytics,Продуктовый аналитик,Lead,2024-09-01,510442.28,Высшее,Активен
899,Федорова,Ян,Тихонович,Male,25,IT,Аналитик данных,Middle,2023-04-05,155726.95,Высшее,Активен
900,Федорова,Дмитрий,Гордеевич,Male,48,IT,Разработчик баз данных,Lead,2022-09-02,699417.67,Среднее специальное,Уволен
901,Федосеев,Ипполит,Эдгарович,Male,57,Analytics,Разработчик систем,Senior,2018-02-13,329207.04,Высшее,Уволен
902,Федосеева,Лазарь,Харламович,Female,28,Product,Тестировщик,Lead,2020-06-01,674518.94,Высшее,Активен
903,Федотов,Анисим,Макаровна,Female,47,IT,Разработчик баз данных,Lead,2017-02-13,795453.53,Высшее,Уволен
904,Филатов,Вышеслав,Филатович,Male,52,IT,Разработчик систем,Middle,2018-07-02,295399.36,Магистратура,Уволен
905,Филатов,Иосиф,Валерьевич,Female,24,Data,Проект менеджер,Senior,2017-11-02,393378.32,Высшее,Активен
906,Филатов,Фадей,Марсович,Male,38,Data,Системный аналитик,Стажер,2024-09-29,83801.13,Магистратура,Активен
907,Филатов,Вячеслав,Ждановна,Female,23,Data,Разработчик систем,Senior,2019-05-07,262853.12,Высшее,Уволен
908,Филатова,Октябрина,Дорофеевич,Female,47,Product,Тестировщик,Стажер,2020-08-03,105261.79,Магистратура,Уволен
909,Филиппова,Исидор,Игнатович,Male,54,Product,Продукт менеджер,Senior,2024-06-06,277732.87,Высшее,Уволен
910,Филиппова,Жанна,Артурович,Male,24,Product,Системный аналитик,Lead,2017-12-27,678778.83,Магистратура,Уволен
911,Фокина,Захар,Дорофеевич,Male,36,Product,Разработчик баз данных,Lead,2015-04-19,548699.89,Магистратура,Активен
912,Фокина,Тихон,Ильич,Female,42,IT,Тестировщик,Lead,2020-09-18,692249.4,Высшее,Уволен
913,Фомина,Карп,Ааронович,Female,56,Product,Системный аналитик,Middle,2023-10-27,178274.95,Магистратура,Уволен
914,Фомина,Христофор,Демидович,Female,50,Product,Разработчик баз данных,Senior,2021-08-02,332370.41,Высшее,Активен
915,Фомина,Мокей,Жоресович,Male,28,Analytics,Продукт менеджер,Senior,2021-06-19,291335.99,Высшее,Уволен
916,Фомина,Евдокия,Федоровна,Female,29,Product,Разработчик баз данных,Middle,2015-10-27,218090.06,Магистратура,Уволен
917,Фомичев,Влас,Оскаровна,Male,58,Analytics,Разработчик систем,Lead,2018-10-07,421096.09,Магистратура,Уволен
918,Фомичев,Лариса,Оскаровна,Female,45,Product,Аналитик данных,Middle,2022-01-03,169553.29,Магистратура,Уволен
919,Фомичева,Борислав,Борисовна,Male,41,Product,Продуктовый аналитик,Senior,2022-04-09,318778.62,Среднее специальное,Активен
920,Фомичева,Герасим,Демьянович,Female,41,Data,Бизнес аналитик,Senior,2018-12-08,391703.05,Высшее,Активен
921,Фомичева,Ефим,Захарьевич,Female,34,IT,Системный инженер,Lead,2018-05-06,635722.19,Среднее специальное,Активен
922,Фролов,Светозар,Евстигнеевич,Female,26,IT,Проект менеджер,Стажер,2020-11-24,90871.9,Магистратура,Активен
923,Фролов,Мартьян,Аркадьевна,Female,53,Data,Системный аналитик,Middle,2024-01-23,269009.36,Среднее специальное,Уволен
924,Фролова,Парамон,Ильич,Male,26,IT,Проект менеджер,Middle,2017-11-29,163631.69,Магистратура,Уволен
925,Харитонов,Чеслав,Эдгардович,Female,30,Analytics,Разработчик баз данных,Senior,2016-02-06,260417.29,Магистратура,Уволен
926,Харитонов,Максим,Ивановна,Female,43,Analytics,Системный аналитик,Junior,2016-08-24,146627.01,Высшее,Уволен
927,Харитонов,Сигизмунд,Еремеевич,Male,31,Analytics,Продукт менеджер,Middle,2022-06-23,156478.38,Среднее специальное,Активен
928,Харитонов,Валерий,Афанасьевна,Female,58,IT,Разработчик баз данных,Стажер,2016-08-21,84083.72,Среднее специальное,Уволен
929,Хохлов,Светозар,Фролович,Female,37,Product,Аналитик данных,Стажер,2019-03-11,81016.47,Высшее,Активен
930,Хохлов,Станислав,Игоревна,Female,25,Product,Системный аналитик,Senior,2021-11-09,343061.43,Среднее специальное,Активен
931,Хохлова,Евдоким,Афанасьевич,Male,40,Data,Аналитик данных,Middle,2016-02-04,290103.19,Магистратура,Активен
932,Цветков,Рюрик,Ермилович,Female,29,Data,Тестировщик,Junior,2019-08-08,146773.62,Высшее,Активен
933,Цветков,Данила,Изотович,Male,33,Product,Продуктовый аналитик,Senior,2022-02-22,319995.02,Среднее специальное,Активен
934,Цветков,Евстигней,Артемовна,Male,49,IT,Разработчик систем,Senior,2015-01-09,343751.84,Высшее,Уволен
935,Цветкова,Лора,Эльдаровна,Male,46,Data,Проект менеджер,Lead,2016-08-11,531849.56,Магистратура,Уволен
936,Цветкова,Полина,Харлампьевич,Female,27,Analytics,Продукт менеджер,Middle,2015-05-21,163995.87,Среднее специальное,Уволен
937,Чернов,Ратмир,Игоревич,Female,57,Product,Аналитик данных,Senior,2018-01-02,363109.83,Магистратура,Активен
938,Чернов,Лукия,Архипович,Male,24,Product,Системный инженер,Senior,2023-10-20,319354.62,Высшее,Уволен
939,Чернов,Василий,Егоровна,Male,46,Product,Разработчик систем,Middle,2021-10-25,174315.57,Среднее специальное,Уволен
940,Чернов,Фирс,Ермилович,Male,46,Product,Разработчик баз данных,Middle,2018-01-08,279021.49,Высшее,Уволен
941,Чернова,Светлана,Ждановна,Male,31,Product,Системный инженер,Junior,2015-09-06,109609.75,Среднее специальное,Уволен
942,Шарапов,Мариан,Харлампьевич,Male,27,IT,Аналитик данных,Senior,2021-06-17,358883.8,Высшее,Уволен
943,Шарапов,Алексей,Феликсович,Male,32,IT,Разработчик баз данных,Lead,2019-12-27,581394.07,Высшее,Активен
944,Шарапова,Парфен,Андреевич,Female,59,IT,Продукт менеджер,Junior,2017-02-23,111853.7,Магистратура,Уволен
945,Шаров,Никон,Валентинович,Male,37,Analytics,Аналитик данных,Lead,2018-11-01,742122.3,Высшее,Активен
946,Шаров,Епифан,Александровна,Male,48,IT,Разработчик баз данных,Senior,2019-05-22,334995.37,Среднее специальное,Активен
947,Шарова,Светлана,Львовна,Female,49,Analytics,Разработчик баз данных,Стажер,2015-06-23,84319.12,Высшее,Активен
948,Шарова,Любовь,Болеславовна,Female,29,Product,Тестировщик,Middle,2019-04-03,288361.73,Среднее специальное,Уволен
949,Шарова,Анна,Богданович,Female,22,Product,Разработчик систем,Junior,2018-01-24,113644.35,Высшее,Активен
950,Шарова,Валерия,Ааронович,Female,56,Analytics,Системный инженер,Lead,2023-10-31,661902.06,Среднее специальное,Уволен
951,Шашков,Наркис,Тарасович,Female,57,Product,Тестировщик,Senior,2017-02-23,268311.35,Среднее специальное,Уволен
952,Шашков,Владислав,Владимировна,Male,58,Analytics,Продукт менеджер,Middle,2015-05-09,267474.17,Высшее,Уволен
953,Шашков,Эрнст,Иларионович,Female,42,Product,Продуктовый аналитик,Lead,2020-09-27,409008.31,Магистратура,Уволен
954,Шашков,Иван,Владиславович,Male,36,Product,Разработчик систем,Middle,2022-02-25,256897.83,Высшее,Активен
955,Шашкова,Лора,Демьянович,Female,24,Data,Разработчик баз данных,Senior,2023-09-07,277190.18,Магистратура,Уволен
956,Шестаков,Аскольд,Андреевна,Female,29,Analytics,Продуктовый аналитик,Senior,2018-12-11,378113.43,Магистратура,Активен
957,Шестаков,Марк,Кузьминична,Female,43,Data,Аналитик данных,Lead,2021-02-03,572179.91,Магистратура,Активен
958,Шестаков,Раиса,Тимуровна,Male,42,IT,Системный аналитик,Senior,2020-01-21,323662.27,Среднее специальное,Активен
959,Шестаков,Игнатий,Захарьевич,Male,25,IT,Аналитик данных,Lead,2019-09-22,448567.96,Среднее специальное,Активен
960,Шестаков,Юлий,Демьянович,Female,36,IT,Продукт менеджер,Middle,2024-10-14,298217.65,Высшее,Активен
961,Шилов,Дорофей,Владиленович,Male,50,Analytics,Аналитик данных,Junior,2023-02-09,100215.75,Высшее,Активен
962,Шилов,Глафира,Бориславович,Female,44,Analytics,Разработчик систем,Senior,2016-08-22,327644.25,Высшее,Активен
963,Шилов,Андрей,Филимонович,Male,47,Data,Разработчик систем,Стажер,2023-08-30,108085.42,Среднее специальное,Уволен
964,Шилов,Ирина,Ефремович,Male,58,Analytics,Проект менеджер,Стажер,2024-08-09,105157.71,Среднее специальное,Уволен
965,Шилова,Самсон,Устинович,Male,31,Data,Тестировщик,Lead,2019-07-18,639060.28,Магистратура,Уволен
966,Шилова,Харлампий,Ефимовна,Male,29,Analytics,Продукт менеджер,Senior,2024-09-14,346509.42,Магистратура,Уволен
967,Шилова,Пров,Вадимовна,Female,45,Product,Разработчик баз данных,Senior,2017-09-29,374747.39,Магистратура,Уволен
968,Шилова,Остап,Адамович,Male,45,Data,Системный инженер,Lead,2018-01-22,752743.5,Магистратура,Активен
969,Ширяев,Юлий,Ефимьевич,Male,48,IT,Бизнес аналитик,Стажер,2017-05-28,95208.09,Высшее,Активен
970,Ширяев,Федот,Харитоновна,Male,39,Data,Системный инженер,Senior,2015-10-15,318307.81,Магистратура,Уволен
971,Ширяев,Наркис,Валерианович,Male,38,Data,Разработчик систем,Senior,2020-10-16,359233.2,Высшее,Активен
972,Шубин,Боян,Ефстафьевич,Male,33,Data,Разработчик систем,Стажер,2017-10-09,114173.25,Магистратура,Уволен
973,Шубин,Митофан,Данилович,Male,59,Data,Бизнес аналитик,Junior,2016-07-07,101428.11,Магистратура,Уволен
974,Шубин,Владилен,Дмитриевна,Female,54,Product,Аналитик данных,Lead,2015-06-05,604294.21,Магистратура,Активен
975,Шубин,Нестор,Якубович,Female,33,IT,Системный аналитик,Junior,2022-01-18,142016.48,Высшее,Активен
976,Шубина,Адриан,Федоровна,Female,48,Product,Разработчик систем,Junior,2019-12-22,126595.53,Магистратура,Активен
977,Шубина,Тимофей,Юлианович,Female,30,Analytics,Разработчик систем,Middle,2018-03-08,168431.38,Среднее специальное,Активен
978,Шубина,Емельян,Алексеевна,Male,60,Analytics,Бизнес аналитик,Lead,2024-05-27,753153.76,Магистратура,Уволен
979,Шубина,Вацлав,Жоресович,Male,23,Product,Проект менеджер,Senior,2016-08-18,298623.52,Магистратура,Активен
980,Шубина,Фаина,Валентинович,Male,22,Product,Тестировщик,Junior,2020-05-10,115440.19,Среднее специальное,Уволен
981,Щербаков,Ипатий,Адамович,Female,36,Product,Продуктовый аналитик,Стажер,2021-07-11,109465.73,Высшее,Уволен
982,Щербаков,Наум,Ефимовна,Female,42,IT,Проект менеджер,Стажер,2021-05-17,90028.01,Магистратура,Уволен
983,Щербаков,Фрол,Олеговна,Female,29,Analytics,Тестировщик,Стажер,2024-02-20,111935.6,Высшее,Уволен
984,Щербакова,Макар,Семеновна,Male,29,Data,Системный инженер,Lead,2017-02-26,577694.53,Магистратура,Уволен
985,Щербакова,Филимон,Александрович,Female,47,Product,Продукт менеджер,Junior,2015-09-29,108586.4,Среднее специальное,Активен
986,Щукин,Геннадий,Степановна,Female,56,Data,Бизнес аналитик,Junior,2023-08-20,137993.35,Высшее,Уволен
987,Щукина,Милан,Афанасьевна,Female,54,IT,Продуктовый аналитик,Стажер,2016-12-14,97682.33,Высшее,Активен
988,Щукина,Никандр,Григорьевич,Male,31,Analytics,Тестировщик,Middle,2018-06-04,237419.48,Высшее,Активен
989,Юдин,Тихон,Еремеевич,Male,46,IT,Проект менеджер,Junior,2015-09-01,118699.08,Высшее,Уволен
990,Юдин,Валерий,Юльевна,Male,58,IT,Бизнес аналитик,Lead,2023-10-27,764626.43,Среднее специальное,Активен
991,Юдина,Кира,Алексеевна,Female,41,IT,Разработчик систем,Middle,2024-06-12,199600.02,Магистратура,Активен
992,Юдина,Милен,Демьянович,Female,37,Data,Продуктовый аналитик,Senior,2022-05-31,351881.21,Среднее специальное,Активен
993,Юдина,Эмилия,Робертовна,Female,46,Data,Продукт менеджер,Lead,2019-08-01,624575.78,Среднее специальное,Активен
994,Яковлев,Христофор,Жоресович,Male,52,Data,Бизнес аналитик,Middle,2024-05-18,271106.76,Магистратура,Уволен
995,Яковлева,Марфа,Алексеевна,Female,31,Data,Проект менеджер,Senior,2020-08-13,328115.59,Магистратура,Активен
996,Якушев,Мина,Харлампьевич,Female,33,Product,Аналитик данных,Senior,2024-05-26,352066.16,Магистратура,Уволен
997,Якушев,Ананий,Еремеевич,Male,40,Data,Разработчик баз данных,Стажер,2022-07-16,99981.21,Магистратура,Активен
998,Якушева,Клавдий,Демидович,Female,32,Data,Разработчик систем,Lead,2015-04-14,673402.01,Высшее,Активен
999,Якушева,Ян,Глебович,Female,24,Data,Разработчик систем,Lead,2022-04-27,477401.32,Высшее,Активен
1000,Якушева,Измаил,Валерьянович,Male,44,Product,Бизнес аналитик,Senior,2023-04-10,313802.25,Магистратура,Активен
